read_id	alignment_genome	alignment_genome_start	alignment_genome_end	alignment_strand_start	alignment_strand_end	alignment_num_insertions	alignment_num_deletions	alignment_num_aligned	alignment_num_correct	alignment_identity	alignment_accuracy	alignment_score
e3a52f3e-c0fa-4a0f-9b65-435ec4e42d6d	Pseudomonas_aeruginosa_16S_2	19	1494	0	1460	58	73	1402	1210	0.863053	0.789302	1054
dee35ccc-ba70-4a66-978e-a635c4ae92cf	Bacillus_subtilis_16S_2	30	1518	0	1431	55	112	1376	1220	0.886628	0.790668	1058
b46d79fc-0a6d-4da9-97e2-5f4bfdc8f0cf	Bacillus_subtilis_16S_3	29	1518	0	1546	105	48	1441	1339	0.929216	0.840025	1584
1aeb836f-8637-48ac-b20a-44d02b77b426	Bacillus_subtilis_16S_7	250	1518	167	1300	37	172	1096	950	0.866788	0.727969	556
8e8f00d2-478b-4925-81e5-d28302b8d1c9	Pseudomonas_aeruginosa_16S_2	231	1371	226	1346	67	87	1053	884	0.839506	0.732394	480
4f4ee7ff-c8fd-4d0c-ad5e-57d3efd1c936	Bacillus_subtilis_16S_6	28	1518	0	1478	41	53	1437	1322	0.919972	0.863488	1760
f2562ef7-a68a-4d28-a929-8675170b0080	Salmonella_enterica_16S_4	239	1404	208	1362	46	57	1108	940	0.848375	0.776218	754
41ece891-0b92-495e-a206-105dcc65f485	*	-1	-1	-1	-1	-1	-1	-1	-1	-1	-1	-1
3608935d-4611-4ac0-8f9c-0257feba2378	Listeria_monocytogenes_16S_3	31	1444	3	1376	49	89	1324	1125	0.849698	0.769494	854
8ff0aa3a-ce22-4312-a007-40105ca102e7	Enterococcus_faecalis_16S_2	258	1457	225	1386	48	86	1113	905	0.813118	0.725742	430
a306a123-f6f9-4031-bb01-1a6aa66cbd8b	*	-1	-1	-1	-1	-1	-1	-1	-1	-1	-1	-1
4855dcba-29e0-4154-9033-ffb625c03d54	Staphylococcus_aureus_16S_1	249	1520	234	1524	96	77	1194	1000	0.837521	0.731529	486
3bf97405-ec14-483c-90b2-d4bb824d198c	Pseudomonas_aeruginosa_16S_3	19	1401	0	1420	83	45	1337	1232	0.921466	0.840956	1496
1477d7dc-18ed-4f89-aa47-ebd8da762034	Pseudomonas_aeruginosa_16S_2	22	1494	3	1437	48	86	1386	1173	0.84632	0.771711	962
a7de20bc-b28b-4832-8d10-f4583b13d559	Salmonella_enterica_16S_2	234	1501	201	1445	51	74	1193	1006	0.843252	0.763278	750
4150da23-4bfd-4ab1-a9ff-1cf48a720dc3	*	0	-1	-1	-1	-1	-1	-1	-1	-1	-1	-1
24a89407-0380-4cf6-b243-4d36cf84ff99	Salmonella_enterica_16S_6	491	1500	424	1438	54	49	960	800	0.833333	0.752587	482
a799d3cd-8b56-47e8-9867-28c422bea406	Pseudomonas_aeruginosa_16S_1	212	1413	188	1386	63	66	1135	949	0.836123	0.750791	588
b2afdd5f-8f02-4e3e-8167-bb468e7c1e28	*	-1	-1	-1	-1	-1	-1	-1	-1	-1	-1	-1
36fce2de-0cb5-4bb0-908a-d6c74be01db0	Bacillus_subtilis_16S_6_rc	26	1193	92	1217	48	90	1077	948	0.880223	0.780247	800
3b748304-4bf8-4797-85f9-012ccbcf8ee4	Escherichia_coli_16S_8	242	1425	217	1418	72	54	1129	927	0.821081	0.738645	514
630452c0-a4ef-445f-b767-97a4f5e78dc0	Bacillus_subtilis_16S_2	29	1517	0	1423	47	112	1376	1237	0.898983	0.805863	1240
0db298a1-be34-4b6a-8581-3eb26dabce41	Listeria_monocytogenes_16S_6	251	1428	185	1362	63	63	1114	886	0.795332	0.714516	276
79fd4255-b677-4c01-84a1-e9d8689739ca	Bacillus_subtilis_16S_6	33	1419	4	1336	58	112	1274	1085	0.851648	0.751385	710
8e5b2724-ae78-4218-b60b-7c5ea1d06362	Bacillus_subtilis_16S_3	29	1425	0	1391	40	45	1351	1199	0.887491	0.834958	1424
abd65904-ac79-49fb-94e1-34e5863be07e	*	-1	-1	-1	-1	-1	-1	-1	-1	-1	-1	-1
9a44f290-62dc-45c4-b9ea-475e41ecd4e1	Staphylococcus_aureus_16S_4	252	1424	239	1336	39	114	1058	874	0.826087	0.721718	378
482ba1eb-8cdc-441e-b78f-f655d724fb35	Pseudomonas_aeruginosa_16S_2	212	1494	191	1472	47	48	1234	1084	0.878444	0.815651	1126
5946a7d9-fdc4-46a7-b6ff-c7101d9f087b	Bacillus_subtilis_16S_2	29	1516	0	1476	47	58	1429	1285	0.89923	0.837679	1492
096f59c3-2fef-458f-8c96-8c50dd9e1a53	Enterococcus_faecalis_16S_2	261	1526	233	1492	45	51	1214	1031	0.849259	0.787023	878
c805bc21-7874-4401-8ba0-d39bdeb3c7e2	Bacillus_subtilis_16S_2	32	1514	5	1432	47	102	1380	1266	0.917391	0.827992	1418
a71fe02a-48b1-4d0d-a544-68b601dc1cb2	*	-1	-1	-1	-1	-1	-1	-1	-1	-1	-1	-1
e87fbccd-028b-45ef-b137-884c81ae4c44	Staphylococcus_aureus_16S_5	109	1419	69	1336	67	110	1200	1014	0.845	0.736383	582
ee4e3302-66ff-4940-8c8a-3adc0646fd16	*	0	-1	-1	-1	-1	-1	-1	-1	-1	-1	-1
7bfae08f-12da-4508-a7cc-57fa1f66468d	Listeria_monocytogenes_16S_2	28	1517	0	1421	46	114	1375	1133	0.824	0.738111	618
259bcaf9-6b9d-4da4-aad8-8f8bf9182e19	*	0	-1	-1	-1	-1	-1	-1	-1	-1	-1	-1
201c7761-bcaf-4129-b230-bddafe949e95	Listeria_monocytogenes_16S_4	32	1517	4	1404	51	136	1349	1121	0.830986	0.729818	580
723bbd6d-f8bd-4e3c-81eb-96240609a12b	Pseudomonas_aeruginosa_16S_1	231	1494	234	1492	51	56	1207	998	0.826843	0.759513	686
957605a2-8e05-4935-9263-c2ebfd3e6e3b	Escherichia_coli_16S_8	33	1508	0	1435	58	98	1377	1130	0.820625	0.737117	648
9dd3d793-3ef4-473d-8c11-c5b5355c48ef	Bacillus_subtilis_16S_2	240	1518	171	1413	53	89	1189	1079	0.907485	0.810669	1134
d358a05f-8627-4f6b-81b9-a45b59cad10c	Bacillus_subtilis_16S_7	324	1518	282	1430	45	91	1103	902	0.81777	0.728006	356
98f10915-ad5c-4bf9-b1c4-22ea6bee4ae8	Escherichia_coli_16S_4	30	1508	2	1445	52	87	1391	1160	0.833932	0.75817	774
5583c4a1-e6a2-454a-980f-04a72a4974e0	Pseudomonas_aeruginosa_16S_1	223	1396	208	1332	48	97	1076	896	0.832714	0.733825	482
ed048711-669e-479d-81e1-8fa027b1c36e	*	-1	-1	-1	-1	-1	-1	-1	-1	-1	-1	-1
ee01e07f-9f02-40f9-87ad-9c6a6de8461b	Salmonella_enterica_16S_6	25	1501	4	1509	104	75	1401	1173	0.837259	0.742405	700
6570f0a9-8012-45be-8ab7-b96882fbfd9e	Bacillus_subtilis_16S_2	29	1414	0	1357	58	86	1299	1168	0.899153	0.809425	1184
f37a9991-f132-4815-bbf1-73550edfd59d	Salmonella_enterica_16S_3	307	1402	271	1251	24	139	956	798	0.834728	0.713137	357
55d98ac2-8635-4a52-9434-fb21887cb0f8	Salmonella_enterica_16S_5	235	1407	186	1291	42	109	1063	891	0.838194	0.733937	508
6cd3a20b-f191-417b-8282-8f1140b5b5ed	Enterococcus_faecalis_16S_2	259	1425	212	1348	50	80	1086	915	0.842541	0.752467	538
c1b4bed8-4e48-4da9-abd6-d42a45af2dc1	Listeria_monocytogenes_16S_6	29	1418	1	1393	63	60	1329	1081	0.813394	0.74449	628
46df6cda-8c71-4c2e-91df-d1cd7ee16d6d	Salmonella_enterica_16S_5	237	1402	207	1302	33	103	1062	885	0.833333	0.738731	509
0ec6dfbd-f2ee-4f1c-a8c0-2f8f4e9c5fd1	Escherichia_coli_16S_4	242	1425	218	1398	76	79	1104	912	0.826087	0.724384	406
fa062b5b-8e67-423f-91ea-f95cf00f68a0	Enterococcus_faecalis_16S_4	259	1430	213	1375	68	77	1094	891	0.814442	0.719128	312
00a01901-d3a5-4986-8800-2c6f8aa8f6de	Bacillus_subtilis_16S_2	28	1518	0	1471	54	73	1417	1275	0.899788	0.825777	1432
97dc994b-cae0-43e2-806a-2869a09ad980	Pseudomonas_aeruginosa_16S_1	23	1494	0	1467	51	55	1416	1232	0.870057	0.809461	1236
e7d13b4f-a017-4a56-aa4c-bf088f6adaac	Pseudomonas_aeruginosa_16S_1	231	1494	232	1478	57	74	1189	975	0.820017	0.738636	540
2d02ba8a-61cc-47ab-bfc9-b694c610e246	Bacillus_subtilis_16S_7	250	1518	203	1413	29	87	1181	1063	0.900085	0.819584	1204
446f1d67-fd0e-4a90-85d9-08d5e57d59ff	Salmonella_enterica_16S_3	236	1413	215	1372	36	56	1121	957	0.853702	0.788953	838
4ed47a76-ed4c-4496-96e2-d618c78dbdf8	Enterococcus_faecalis_16S_3	107	1526	66	1435	48	98	1321	1109	0.839516	0.755965	798
960ce57a-5ce8-4320-a53c-f2ebee2cd560	Bacillus_subtilis_16S_6	29	1518	0	1472	65	82	1407	1201	0.853589	0.772844	924
17bbe17d-74b0-4082-a48e-7bd19afa9064	Bacillus_subtilis_16S_10	33	1518	4	1406	29	112	1373	1240	0.903132	0.819022	1382
4fa3ec74-bedd-4508-89d2-5ce439263bbf	Enterococcus_faecalis_16S_1	30	1526	4	1398	41	143	1353	1136	0.839616	0.739102	672
93840afa-0e91-4684-82da-4a03fa593e6b	Salmonella_enterica_16S_4	307	1409	356	1458	65	65	1037	852	0.821601	0.730077	428
81b412fd-0425-4524-a509-27622e288f6a	Bacillus_subtilis_16S_2	98	1518	86	1504	41	43	1377	1265	0.918664	0.865845	1690
3be7fa1f-86b5-4a8a-bcda-3cba9b132849	Bacillus_subtilis_16S_6	250	1481	209	1409	32	63	1168	1009	0.86387	0.798892	952
88043506-de5d-4e93-bfad-a6cc37f7250e	Pseudomonas_aeruginosa_16S_1	22	1494	3	1411	56	120	1352	1126	0.83284	0.736911	656
2483c655-b00d-4f9f-8c5d-b22bc7543c52	Salmonella_enterica_16S_5	235	1229	209	1168	39	74	920	765	0.831522	0.740561	380
b21e92e4-aef2-4745-a92a-8bf0380674da	Pseudomonas_aeruginosa_16S_3	19	1494	0	1430	52	97	1378	1173	0.851234	0.768173	856
8e1df501-9664-4266-8c2c-4864c006474f	Bacillus_subtilis_16S_4	28	1425	1	1393	64	69	1328	1175	0.884789	0.804244	1168
9a8d871e-c015-44fb-9fbc-435f47177eb6	*	-1	-1	-1	-1	-1	-1	-1	-1	-1	-1	-1
1bfafd49-f054-4a17-9cc6-31b9aa88591d	Bacillus_subtilis_16S_2	34	1518	4	1451	70	107	1377	1154	0.838054	0.7426	662
675f74b6-7d9c-40c7-8a32-61f004f0ac79	*	0	-1	-1	-1	-1	-1	-1	-1	-1	-1	-1
911fcb08-4c37-45cc-a534-217eb865c54c	Enterococcus_faecalis_16S_4	107	1526	66	1406	30	109	1310	1110	0.847328	0.766046	869
c502dec6-43d6-40d5-b030-e36ec60d981d	Pseudomonas_aeruginosa_16S_1	22	1494	3	1471	64	68	1404	1218	0.867521	0.792969	1116
7efb9657-618e-43f1-837b-8fdf1fdad373	Listeria_monocytogenes_16S_2	242	1517	192	1460	97	104	1171	990	0.845431	0.721574	514
b9626dd1-1b49-48a7-b7b1-c4762794268e	Bacillus_subtilis_16S_4	242	1429	198	1332	33	86	1101	930	0.844687	0.762295	678
73a47a18-0d0a-4d09-a43c-066d77edabe9	Pseudomonas_aeruginosa_16S_4	228	1494	200	1410	31	87	1179	1013	0.859203	0.781033	822
6411e4c2-53cc-4608-8642-408691f1bc61	Salmonella_enterica_16S_4	235	1501	221	1528	96	55	1211	989	0.81668	0.726138	416
48c6fef8-6ecd-45d6-adea-a83b51bb1147	Bacillus_subtilis_16S_7	29	1515	0	1460	60	86	1400	1243	0.887857	0.80401	1234
fcee68b2-7dc0-4bd7-bc41-223381fa6af5	Salmonella_enterica_16S_1	235	1411	194	1309	46	107	1069	908	0.849392	0.743044	486
cdd6cf16-d3cc-48a3-a42f-20e5a9456733	Bacillus_subtilis_16S_5	241	1516	212	1471	69	85	1190	995	0.836134	0.740327	562
f024eb41-99a6-4e22-ac5d-9b138ba7f712	Pseudomonas_aeruginosa_16S_4	226	1487	177	1429	72	81	1180	1027	0.870339	0.770443	795
fcd5a8d9-1cde-4088-b75e-302f7f5216bb	Staphylococcus_aureus_16S_5	29	1424	0	1359	61	97	1298	1119	0.862096	0.768544	846
9cbd91e2-baba-45f0-b957-7009b867fe81	Enterococcus_faecalis_16S_2	266	1526	234	1522	87	59	1201	1001	0.833472	0.743133	554
b130f995-b40e-4997-9c75-714d10015a2e	Listeria_monocytogenes_16S_6	322	1512	281	1448	58	81	1109	950	0.856628	0.761218	710
50004a5a-d39c-42b8-a46a-cf646e5941b3	Bacillus_subtilis_16S_7	234	1421	179	1325	26	67	1120	929	0.829464	0.76587	708
c1d8996d-8ce3-4302-9eb2-305c30d5ee2a	Salmonella_enterica_16S_4	235	1419	192	1361	60	75	1109	948	0.854824	0.762058	666
6748b4fb-1161-4aee-92f7-cb5a3de53875	Staphylococcus_aureus_16S_4	33	1519	4	1423	78	145	1341	1107	0.825503	0.707801	445
acb4b45f-4fea-46f2-81e3-194f6bf14b29	Pseudomonas_aeruginosa_16S_4	19	392	0	365	18	26	347	294	0.847262	0.751918	180
55098965-30f6-406d-91bb-c4056e21e038	Listeria_monocytogenes_16S_6	241	1517	216	1474	33	51	1225	1002	0.817959	0.76547	748
04b8d753-3112-4250-9ade-60da520ac533	*	-1	-1	-1	-1	-1	-1	-1	-1	-1	-1	-1
e2579623-220a-4138-ae07-2da276c5cfc7	Escherichia_coli_16S_7	244	1508	209	1415	24	82	1182	993	0.840102	0.770963	806
ca111da4-39d0-45ff-9b4b-6604eece8eb2	Staphylococcus_aureus_16S_6	30	1520	1	1416	26	101	1389	1156	0.832253	0.762533	806
bdbd1479-8e8a-48c1-a994-adecd16ae66d	Bacillus_subtilis_16S_6	33	1447	5	1353	48	114	1300	1146	0.881538	0.783858	980
599e3cca-fac7-4524-b7e4-1a0728ed17e8	Pseudomonas_aeruginosa_16S_1	223	1494	176	1405	45	87	1184	1021	0.862331	0.775836	830
0999b1f9-0ba6-4155-b81c-c780e5d01727	Pseudomonas_aeruginosa_16S_4	89	1405	68	1334	61	111	1205	1046	0.86805	0.759622	684
b5c472a2-9de2-4596-8537-6985e5eb0706	Salmonella_enterica_16S_5	25	1501	4	1422	86	144	1332	1103	0.828078	0.706146	414
8acd25b5-433b-4ea7-bc8b-6908793942cc	Enterococcus_faecalis_16S_2	262	1425	198	1320	58	99	1064	872	0.819549	0.714169	370
e2c6a221-c83d-4b79-924e-f644d828a59c	Pseudomonas_aeruginosa_16S_1	297	1494	268	1424	27	68	1129	960	0.85031	0.784314	802
9805a1ef-4676-4aae-bcda-eed348104dbb	Bacillus_subtilis_16S_4	32	1518	3	1428	44	105	1381	1271	0.920348	0.830719	1472
6e2519ed-f8d4-461d-9974-96ba78c774f5	Bacillus_subtilis_16S_9	243	1518	216	1463	46	74	1201	1005	0.836803	0.760787	702
6ec0bf5b-016a-4262-9906-b40ae9d4483c	Salmonella_enterica_16S_4	235	1501	212	1452	47	73	1193	963	0.807209	0.733435	466
f88bcd87-7cbc-4366-802c-7c1b1b222368	Bacillus_subtilis_16S_3	228	1518	210	1508	56	48	1242	1070	0.861514	0.794948	1020
2e34825b-ba95-4f82-be3a-dc84d2421e92	*	-1	-1	-1	-1	-1	-1	-1	-1	-1	-1	-1
5987d8c7-6451-44ff-9e5d-1a4a0d4c4841	Pseudomonas_aeruginosa_16S_1	129	1394	111	1372	55	59	1206	1029	0.853234	0.779545	874
174a1991-8aaf-4450-81af-5ae1e805877b	Bacillus_subtilis_16S_7	29	1517	0	1498	73	63	1425	1295	0.908772	0.829596	1414
2fc5223c-68e9-4c41-9e86-029823d9e2f8	Salmonella_enterica_16S_3	236	1417	212	1399	56	50	1131	922	0.815208	0.745352	544
43ab3ea8-ecbf-4f09-9c9d-610990b19474	Staphylococcus_aureus_16S_6	33	1520	4	1459	96	128	1359	1128	0.830022	0.712571	440
dc146e52-8a44-4d27-8370-1e0ff96e8e28	Listeria_monocytogenes_16S_6_rc	251	1398	269	1350	50	116	1031	865	0.838991	0.72264	382
024a0914-81ba-49d0-9c76-6c815b58d638	Listeria_monocytogenes_16S_3	254	1517	217	1442	63	101	1162	1015	0.873494	0.76546	790
72326111-5693-4b03-9bbf-b7b1dada3613	Salmonella_enterica_16S_5	236	1410	210	1379	55	60	1114	913	0.819569	0.74288	512
2de891cb-38af-44cb-9b0f-6e3f5cd8ba66	Bacillus_subtilis_16S_7	30	1518	0	1398	44	134	1354	1161	0.857459	0.757833	814
bfda0b06-2470-45bd-af71-0bdb23521bad	*	0	-1	-1	-1	-1	-1	-1	-1	-1	-1	-1
a482881c-66ec-42a2-b4dc-c9c2be07f16c	Pseudomonas_aeruginosa_16S_4	227	1401	310	1434	42	92	1082	891	0.823475	0.73273	515
2d9f6115-5afd-48bc-93e6-54f87b00022d	Staphylococcus_aureus_16S_4	109	1419	80	1388	91	93	1217	1033	0.848809	0.73733	530
42717c9a-0935-4269-a299-4cde0cca8a2b	Pseudomonas_aeruginosa_16S_4	212	1393	162	1315	54	82	1099	937	0.852593	0.758704	722
54e86e7a-66a8-4ffa-9d20-4914cfcb8785	Pseudomonas_aeruginosa_16S_1	226	1494	189	1470	68	55	1213	1074	0.885408	0.803892	1118
668e8c85-aba7-4cf9-b6bf-e8795c4b7ea2	Salmonella_enterica_16S_1	280	1404	250	1364	49	59	1065	860	0.807512	0.733163	416
0cfee296-2eab-4770-93ce-e795540d24c7	Bacillus_subtilis_16S_7	257	1418	203	1321	52	95	1066	883	0.82833	0.727947	448
a0ed6ecd-feda-4bc3-96de-394e41e0b1a0	Bacillus_subtilis_16S_3	33	1417	5	1294	45	140	1244	1032	0.829582	0.722183	458
ebc85919-36fd-42b4-9c7a-7ef7c15559ea	Listeria_monocytogenes_16S_5	300	1341	243	1228	46	102	939	778	0.828541	0.715731	372
a509c3cf-7cc3-41ab-a8b7-995e88ed8bfb	Staphylococcus_aureus_16S_5	253	1431	218	1356	40	80	1098	916	0.834244	0.752053	604
ab3cfb56-4d9c-4def-be8d-a0bfadf3666a	Pseudomonas_aeruginosa_16S_2	23	1494	4	1419	62	118	1353	1154	0.852919	0.752772	774
3d093269-341e-49c5-a4a6-831803a60ec9	*	-1	-1	-1	-1	-1	-1	-1	-1	-1	-1	-1
48a0419f-b4a1-4d63-9340-72bf81309d2e	Bacillus_subtilis_16S_7	33	1518	4	1423	42	108	1377	1182	0.858388	0.774067	973
c99174f9-f357-4e5b-afdf-b6e33f020abe	Bacillus_subtilis_16S_3	250	1518	219	1478	64	73	1195	1037	0.867782	0.778529	812
93abb7d8-3406-48ce-9f1e-1d7c73ca9be2	Bacillus_subtilis_16S_8	233	1518	170	1445	53	63	1222	1017	0.832242	0.76009	706
1613cc9d-1084-4d89-88af-381d14ee3775	Salmonella_enterica_16S_1	234	1500	190	1433	26	49	1217	1055	0.866886	0.816563	1096
7b2de4d5-6f7d-4397-ae09-7e94f0c14034	*	0	-1	-1	-1	-1	-1	-1	-1	-1	-1	-1
733711ed-6336-4635-b2e4-160cb5426977	Salmonella_enterica_16S_3	235	1501	183	1434	69	84	1182	1001	0.84687	0.749813	666
90fc2071-cb7a-49df-88b4-d0d7639bd708	Bacillus_subtilis_16S_3	233	1518	165	1387	42	105	1180	1004	0.850847	0.756594	670
8181597f-075f-44e6-8db5-191742772f54	Listeria_monocytogenes_16S_4	251	1517	196	1430	49	81	1185	975	0.822785	0.741445	566
d15861a3-d75e-49f3-b036-b5018363245e	Listeria_monocytogenes_16S_2	31	1517	4	1430	20	80	1406	1231	0.875533	0.817397	1362
ebdca7cb-af85-4936-9a4b-0e7ebe7fc776	Bacillus_subtilis_16S_7	250	1518	215	1461	43	65	1203	978	0.812968	0.745995	564
4474a5a2-cb7a-4f4d-9637-e77da5e2f368	Bacillus_subtilis_16S_4	242	1518	197	1438	51	86	1190	1001	0.841176	0.754333	699
0424c6c8-8101-42d3-b466-fdb20349707e	Escherichia_coli_16S_8	31	1417	3	1328	41	102	1284	1043	0.812305	0.730904	512
e223793f-6940-4f83-9a65-146397f857b1	Listeria_monocytogenes_16S_5	254	1517	229	1456	57	93	1170	984	0.841026	0.745455	588
11472be3-ffc7-405c-9252-5d384201b387	Pseudomonas_aeruginosa_16S_2	22	1411	3	1344	59	107	1282	1080	0.842434	0.745856	685
fadb88b0-ae7d-412a-aeec-dbb296d01fc8	Pseudomonas_aeruginosa_16S_4	227	1494	226	1492	52	53	1214	1019	0.839374	0.772555	768
be7a182b-57ec-41e0-9f15-f6891c675737	Enterococcus_faecalis_16S_1	262	1438	219	1362	48	81	1095	906	0.827397	0.740196	526
63263191-cc26-4a21-888b-e0419437170a	Pseudomonas_aeruginosa_16S_3	19	1399	0	1373	67	74	1306	1103	0.844564	0.762267	748
427cfb99-4927-48df-83a5-288bce294c74	*	-1	-1	-1	-1	-1	-1	-1	-1	-1	-1	-1
e1bd2b44-5b9c-4506-a153-18436b19757c	Listeria_monocytogenes_16S_3	33	1517	4	1472	56	72	1412	1237	0.876062	0.803247	1234
5a474542-ba36-4bd9-a7c6-c74cdbb17da0	Pseudomonas_aeruginosa_16S_2	236	1494	203	1447	48	62	1196	1020	0.852843	0.781011	907
b1654dac-de5b-45f9-aa9b-9206f860ed15	*	-1	-1	-1	-1	-1	-1	-1	-1	-1	-1	-1
eed606fb-257b-4942-a212-a594f6cf9df1	Staphylococcus_aureus_16S_1	250	1419	202	1354	61	78	1091	897	0.822181	0.729268	400
06579f06-8e89-45d8-9c55-a54711ffe978	Enterococcus_faecalis_16S_2	262	1425	213	1379	50	47	1116	926	0.829749	0.763397	646
c4759eba-f089-4e9d-8a26-409d641992b6	Pseudomonas_aeruginosa_16S_1	228	1494	189	1433	51	73	1193	981	0.822297	0.744875	610
e7330693-0405-49b5-8a50-4524c5a29cc3	Staphylococcus_aureus_16S_2	251	1520	218	1475	53	65	1204	1003	0.833056	0.758699	662
7ae40b0f-9af8-47b6-8884-eeb39784bbd8	Bacillus_subtilis_16S_5	249	1412	201	1317	79	126	1037	848	0.817743	0.68277	146
8ae17150-603d-4d61-8a87-2a7296dad814	Pseudomonas_aeruginosa_16S_3	231	1494	187	1415	35	70	1193	1002	0.839899	0.771957	822
591167fd-92fb-480f-b3e8-4065b529a612	Enterococcus_faecalis_16S_2	265	1425	220	1361	53	72	1088	903	0.829963	0.744435	532
f369e98a-383f-4bba-bac1-f7d0ffffa901	Staphylococcus_aureus_16S_6	235	1434	201	1358	48	90	1109	943	0.850316	0.756215	606
b55e9956-e7be-4930-baba-1f3b64e9ec91	Pseudomonas_aeruginosa_16S_2	234	1402	186	1334	62	82	1086	912	0.839779	0.741463	540
d62c1cd4-0e75-418b-b882-1e0083b1a0aa	Bacillus_subtilis_16S_3	33	1509	4	1395	49	134	1342	1153	0.859165	0.756066	812
ea589db7-dc75-4726-8b41-7cafe958a8d7	Bacillus_subtilis_16S_10	240	1518	171	1400	21	70	1208	1122	0.928808	0.863741	1539
aa66c819-58a0-4ded-8e99-306f3237c1d9	Listeria_monocytogenes_16S_3	33	1418	8	1396	85	82	1303	1118	0.85802	0.760544	814
92f3e907-5680-4d1f-a41e-a16724ae45f5	Bacillus_subtilis_16S_2	226	1427	187	1362	46	72	1129	947	0.838795	0.759423	646
5bd4d771-8e90-49ff-9155-29b8dbceb057	Salmonella_enterica_16S_4	235	1499	220	1439	52	97	1167	987	0.845758	0.75	664
3241e348-d2cf-4437-8171-fbc0c802bb16	Enterococcus_faecalis_16S_4	288	1526	240	1467	80	91	1147	949	0.827376	0.72003	376
94953039-9239-4689-a442-ab4db145a332	Enterococcus_faecalis_16S_1	27	1526	1	1459	59	100	1399	1161	0.829879	0.745186	712
6925e4f6-fe7d-408d-a943-af33c216ebe5	Listeria_monocytogenes_16S_5	209	1517	138	1332	44	158	1150	975	0.847826	0.721154	430
b43a314a-22a1-4702-b406-d086872e7bcc	Bacillus_subtilis_16S_6	240	1518	166	1437	55	62	1216	1036	0.851974	0.777194	802
0d04216c-6e49-46a5-8424-0e7e607d575e	Bacillus_subtilis_16S_9	30	1445	1	1389	100	127	1288	1054	0.818323	0.69571	190
d31e76ee-0fa7-4a0e-a358-6cbe7d868b92	Escherichia_coli_16S_2	247	1254	225	1208	39	63	944	813	0.861229	0.777247	630
cc61c8aa-c043-4474-9bb8-a37c620c2605	Listeria_monocytogenes_16S_3	32	1517	5	1495	99	94	1391	1153	0.8289	0.727904	580
1ef71e68-e234-4aa3-ba66-7600f4ec1adb	Bacillus_subtilis_16S_4	250	1518	183	1418	54	87	1181	1002	0.848434	0.757942	702
0d7aa5f6-a105-4baf-8ebe-da1c3c5b8438	Pseudomonas_aeruginosa_16S_3	227	1494	195	1435	41	68	1199	1019	0.849875	0.779052	872
99ad5b90-0487-4182-a284-ddaceb7efb05	*	-1	-1	-1	-1	-1	-1	-1	-1	-1	-1	-1
18264e52-80f6-4c72-b035-426f7ade1c84	*	0	-1	-1	-1	-1	-1	-1	-1	-1	-1	-1
d87a018a-0c2b-4fe5-8b3c-97fb5592e5cc	*	-1	-1	-1	-1	-1	-1	-1	-1	-1	-1	-1
b9f06fac-6080-4a1a-92fa-9db1ac6c4574	Pseudomonas_aeruginosa_16S_4	22	1494	3	1409	41	107	1365	1195	0.875458	0.789822	1086
4bbbf99f-f717-413f-9f48-cdc9a197c284	Salmonella_enterica_16S_1	27	1501	4	1444	79	113	1361	1127	0.828068	0.725692	518
d7bac686-ac14-4d4a-b1c5-f45e9583a8f0	Pseudomonas_aeruginosa_16S_3	19	1494	0	1473	55	57	1418	1236	0.87165	0.807843	1240
aead2339-f17a-4016-b805-6decf06e5af5	Bacillus_subtilis_16S_5	267	1518	222	1429	79	123	1128	928	0.822695	0.697744	244
8603ad6f-f160-4a41-88f7-a5ed41b60222	Pseudomonas_aeruginosa_16S_3	227	1494	192	1437	57	79	1188	1017	0.856061	0.768127	807
abd88bda-4e21-4882-b2c1-5d8f1008479a	Bacillus_subtilis_16S_8	30	1518	3	1470	86	107	1381	1149	0.832006	0.729987	516
94691cc9-8283-4578-a50d-414e27c3a452	*	0	-1	-1	-1	-1	-1	-1	-1	-1	-1	-1
