read_id	alignment_genome	alignment_genome_start	alignment_genome_end	alignment_strand_start	alignment_strand_end	alignment_num_insertions	alignment_num_deletions	alignment_num_aligned	alignment_num_correct	alignment_identity	alignment_accuracy	alignment_score
91ba9d6c-fcbc-43e2-9c28-6dc33abccaa8	Pseudomonas_aeruginosa_16S_2	22	1494	3	1409	41	107	1365	1183	0.866667	0.78189	1042
48ff7c5f-5924-45a2-955f-a4bdf800dbfb	*	-1	-1	-1	-1	-1	-1	-1	-1	-1	-1	-1
52a391fc-f721-42b1-86f3-50d418d782f5	Pseudomonas_aeruginosa_16S_3	19	1494	0	1462	53	66	1409	1226	0.870121	0.802356	1194
6d02d32b-cfce-4028-bbda-54880008d790	Enterococcus_faecalis_16S_2	259	1425	217	1364	50	69	1097	908	0.827712	0.746711	546
8f4d533f-573c-4fe6-8104-51b8610427a8	Bacillus_subtilis_16S_5	250	1516	220	1459	39	66	1200	1015	0.845833	0.777778	840
f119a6e1-ce7e-425a-a3dc-23fc6df4e0ab	Staphylococcus_aureus_16S_2	251	1419	209	1293	31	115	1053	872	0.82811	0.727273	424
17f2d861-2202-4d1d-b46f-f38cee6d8179	Pseudomonas_aeruginosa_16S_4	153	1494	148	1487	68	70	1271	1109	0.872541	0.787083	978
227fa730-377a-432c-80a9-c7f081eebf44	Pseudomonas_aeruginosa_16S_4	227	1399	205	1385	46	38	1134	952	0.839506	0.781609	788
bb2a0142-6fc2-4f10-86e0-ff94fb90c5ab	Bacillus_subtilis_16S_5	242	1458	199	1371	28	72	1144	933	0.815559	0.75	566
aa9a265b-9423-4001-ad81-3c9d6c0dff3c	*	0	-1	-1	-1	-1	-1	-1	-1	-1	-1	-1
b7b4fb26-2b39-4fef-8d11-282ad31b785b	*	0	-1	-1	-1	-1	-1	-1	-1	-1	-1	-1
f47cdb8b-dd38-401c-8e17-61b4017135ef	Staphylococcus_aureus_16S_2	251	1431	210	1356	48	82	1098	917	0.835155	0.746743	598
dbe7cf9c-af05-44cc-9fe7-82f8a6672dd1	Staphylococcus_aureus_16S_5	251	1431	212	1353	48	87	1093	912	0.834401	0.742671	546
b14a7678-3c02-44a2-bc8a-a861f6210da5	Bacillus_subtilis_16S_3	233	1518	175	1421	38	77	1208	1002	0.82947	0.75737	694
0d95daec-d0f5-40f3-9e92-fd6904fef0c4	Bacillus_subtilis_16S_7	250	1423	229	1347	52	107	1066	894	0.838649	0.729796	438
96953435-f766-480f-9bc1-e9ada88b5935	Staphylococcus_aureus_16S_6	29	1431	0	1359	64	107	1295	1059	0.817761	0.722374	464
f37391ce-c47c-4d89-b4b3-afd4d59ed2ad	Bacillus_subtilis_16S_2	250	1422	194	1330	68	104	1068	879	0.823034	0.708871	286
376ea38c-a828-4703-8253-c9340f072292	Enterococcus_faecalis_16S_3	327	1425	255	1332	52	73	1025	880	0.858537	0.765217	682
6c75389c-40a5-46e9-8468-0090d3bd81f9	Bacillus_subtilis_16S_8	29	1414	0	1380	40	45	1340	1181	0.881343	0.828772	1304
7b284132-408a-4547-9509-4215ccdb7f71	Staphylococcus_aureus_16S_3	33	1427	4	1363	72	107	1287	1069	0.830614	0.729195	544
d6d7936c-7c7a-48ea-b375-eeeab92aa396	Pseudomonas_aeruginosa_16S_4	19	1494	0	1476	62	61	1414	1285	0.908769	0.836044	1472
0b16f9e0-60cb-4cfc-b744-423b9afb9cb8	Bacillus_subtilis_16S_3	249	1429	202	1335	51	98	1082	905	0.836414	0.735175	452
abf92051-23b7-4c1d-b04f-47fde9237c97	Staphylococcus_aureus_16S_1	251	1431	211	1357	72	106	1074	900	0.837989	0.71885	433
bbf6ae19-1e7f-4f45-b431-c3e6820eeca8	Bacillus_subtilis_16S_5	233	1417	194	1357	64	85	1099	939	0.854413	0.752404	592
0247db80-f986-4a93-a46a-e3648751ede4	Pseudomonas_aeruginosa_16S_3	22	1492	3	1396	56	133	1337	1182	0.884069	0.774574	930
a584abf7-ea81-4a1a-9fd8-35bd63f73199	Pseudomonas_aeruginosa_16S_1	27	1494	7	1450	48	72	1395	1218	0.873118	0.80396	1196
40c5e707-197a-4516-8c67-baca4c8d7f11	Staphylococcus_aureus_16S_2	252	1431	223	1360	64	106	1073	915	0.852749	0.736122	514
1bb58fe4-59e9-4e5d-96f2-a7cde87f868a	Pseudomonas_aeruginosa_16S_3	19	1492	0	1420	76	129	1344	1152	0.857143	0.743706	658
79c55ae9-60b9-4892-8821-67858c5e74f3	Bacillus_subtilis_16S_5	265	1417	214	1330	39	75	1077	896	0.831941	0.752309	548
8deade26-6cba-4b58-bb40-d2017de8ec23	Staphylococcus_aureus_16S_3	250	1419	199	1348	55	75	1094	901	0.823583	0.736111	506
f725c704-bec0-4338-9ef8-67e462a75617	Pseudomonas_aeruginosa_16S_1	19	1494	0	1455	32	52	1423	1288	0.90513	0.854678	1628
b4ed9f5b-8ba4-4b8b-ba2c-1e0bad5f677c	Salmonella_enterica_16S_5	236	1421	202	1363	34	58	1127	917	0.813665	0.752256	582
a7a2aa2c-6d60-45b2-939d-6e7b12f1961d	Pseudomonas_aeruginosa_16S_3	19	1494	0	1448	45	72	1403	1232	0.878118	0.810526	1258
b63bb2d6-4489-4132-b3ab-6b7f37157817	Bacillus_subtilis_16S_8	32	1413	3	1394	77	67	1314	1171	0.891172	0.803155	1174
b3747be8-4ace-412f-81b0-d82c54897951	*	-1	-1	-1	-1	-1	-1	-1	-1	-1	-1	-1
4bd0d539-bcad-4cbd-a72b-b9a301455546	Staphylococcus_aureus_16S_3	250	1411	202	1353	71	81	1080	881	0.815741	0.715097	290
1db493f2-49f9-4b9a-8733-409eb9344fe5	Staphylococcus_aureus_16S_6	250	1419	201	1340	52	82	1087	890	0.818767	0.728911	432
dc4359d9-9371-4d72-8361-ea639f161de2	Pseudomonas_aeruginosa_16S_2	211	1402	176	1363	69	73	1118	896	0.801431	0.711111	292
f58707ed-de8f-4226-89b4-d57249424301	Escherichia_coli_16S_1	242	1425	217	1378	67	89	1094	890	0.813528	0.712	328
dfe7a5cd-493d-419b-812b-816b68409187	*	-1	-1	-1	-1	-1	-1	-1	-1	-1	-1	-1
16ec0735-fa0d-444a-9fc9-13c05e90882d	Pseudomonas_aeruginosa_16S_4	153	1494	138	1460	58	77	1264	1084	0.857595	0.774839	854
6dcdb57e-e5d1-4c99-8b2d-570c3dcf52d4	Enterococcus_faecalis_16S_1	323	1524	275	1415	47	108	1093	916	0.83806	0.733974	534
aa168d3e-bdbc-43af-a4f6-0d2aefb72a47	Bacillus_subtilis_16S_4	319	1426	257	1317	39	86	1021	876	0.857982	0.764398	670
cf169592-8277-42a2-9dfd-8470dc99b6e0	Escherichia_coli_16S_3	242	1417	201	1344	51	83	1092	897	0.821429	0.731648	438
3d327d7c-8fef-4b61-a2ae-da4e54b11240	Listeria_monocytogenes_16S_2	251	1416	210	1363	56	68	1097	896	0.816773	0.733825	488
c948acc9-f3ca-406b-95d2-ecd2c4d99bf3	Staphylococcus_aureus_16S_6	258	1419	212	1340	37	70	1091	886	0.812099	0.739566	454
3aac8694-3917-4cf9-b731-f12ca27defcf	Listeria_monocytogenes_16S_6	250	1411	203	1323	47	88	1073	875	0.815471	0.724338	388
30eca3f6-be3d-43ea-86cc-4acf19e76c50	Staphylococcus_aureus_16S_4	250	1419	202	1342	42	71	1098	903	0.822404	0.745665	540
a727dd62-3396-4bd4-b654-c8ade916d897	Staphylococcus_aureus_16S_4	29	1431	0	1340	65	127	1275	1058	0.829804	0.7212	499
b140cd7b-b261-460e-9164-a9a71cc21636	Staphylococcus_aureus_16S_2	251	1431	185	1315	36	86	1094	900	0.822669	0.740132	565
028e9de3-f76e-4ec1-878f-108e3ea9a70c	*	-1	-1	-1	-1	-1	-1	-1	-1	-1	-1	-1
3a6102ae-a1f9-42b0-9459-71854df646d6	Staphylococcus_aureus_16S_1	250	1419	195	1322	36	78	1091	884	0.810266	0.73361	432
20c4929a-8816-44e4-87bc-ea6f8cf9e560	Listeria_monocytogenes_16S_1	320	1508	285	1452	50	71	1117	929	0.831692	0.750404	620
bb969d60-4188-4b2a-acaa-e458470c8e00	Bacillus_subtilis_16S_3	250	1518	216	1494	70	60	1208	1105	0.914735	0.825859	1234
9bf1fa99-e0e5-4a96-b3d2-f211976791db	Bacillus_subtilis_16S_9	256	1414	200	1333	53	78	1080	892	0.825926	0.736581	450
2290cab1-0565-4a42-9a08-47df98048d83	Enterococcus_faecalis_16S_1	266	1438	222	1366	48	76	1096	915	0.834854	0.75	594
08c6fb6a-fd6f-436b-a41a-60c81ef6cbe4	Pseudomonas_aeruginosa_16S_3	19	1494	0	1449	39	65	1410	1249	0.885816	0.824967	1366
b3f756f9-6586-4135-81d4-8b841ef524bf	Pseudomonas_aeruginosa_16S_2	21	1399	2	1306	60	134	1244	1073	0.86254	0.746175	662
9def9fa1-ee58-43c4-bb50-c28ef15b9e14	Staphylococcus_aureus_16S_1	250	1419	173	1290	41	93	1076	870	0.80855	0.719008	372
f999b194-6f3b-44ce-9729-bef945c6147b	Staphylococcus_aureus_16S_6	250	1520	224	1500	82	76	1194	1006	0.842546	0.744083	592
966f026f-92c0-4809-b654-1e7fc06af221	Pseudomonas_aeruginosa_16S_2	19	1494	0	1474	56	57	1418	1292	0.911142	0.843893	1578
cbef880f-e05a-4950-999c-01a19d328427	Listeria_monocytogenes_16S_6	303	1428	361	1433	54	107	1018	844	0.829077	0.715861	338
3761916f-b811-424e-b515-db7f4dbcb126	*	-1	-1	-1	-1	-1	-1	-1	-1	-1	-1	-1
06795286-86e7-4793-a42d-85dabb4c109a	Staphylococcus_aureus_16S_4	316	1520	272	1449	55	82	1122	912	0.812834	0.724384	430
6d134b77-ccc9-496c-92b5-1b8cff3777e2	Salmonella_enterica_16S_4	235	1399	202	1319	34	81	1083	882	0.814404	0.736227	458
0f8041a3-d634-4982-902c-05aada54adc7	*	-1	-1	-1	-1	-1	-1	-1	-1	-1	-1	-1
1f9c0c79-ec58-435d-9a8a-f80272ea4cab	Listeria_monocytogenes_16S_5	39	1515	9	1483	113	115	1361	1116	0.819985	0.702329	304
856492f1-e63a-4b14-859b-7cfbe1b1bc78	Pseudomonas_aeruginosa_16S_4	226	1403	182	1347	54	66	1111	964	0.867687	0.783103	824
f404fbe2-791c-437f-9372-b6acd4d13e11	Bacillus_subtilis_16S_6	253	1422	223	1360	58	90	1079	905	0.83874	0.737571	510
ff5a0ed4-0357-466c-a675-a746708149d3	Listeria_monocytogenes_16S_2	240	1517	172	1404	53	98	1179	984	0.834606	0.73985	590
66d6df4d-e987-4c97-bcef-26b4917d3510	Pseudomonas_aeruginosa_16S_2	21	1439	2	1414	69	75	1343	1166	0.868205	0.784129	1028
b11f6d0d-10a8-4524-8b16-057f7be2a9cf	Bacillus_subtilis_16S_6	256	1417	182	1306	48	85	1076	905	0.841078	0.748553	560
41e9c776-7119-4f4a-81c4-f808fba11e35	Pseudomonas_aeruginosa_16S_1	227	1494	184	1438	49	62	1205	1054	0.874689	0.800912	1042
1c62197c-5519-45b3-867e-752fa1627a0d	Bacillus_subtilis_16S_7	250	1417	209	1360	54	70	1097	922	0.840474	0.755119	576
5af0dce0-37ca-47df-afa7-a216ccd0a9c5	Pseudomonas_aeruginosa_16S_1	19	1494	0	1458	37	54	1421	1294	0.910626	0.85582	1646
6e90bbe2-6d65-4d33-ab0a-a48e4e8eab74	Enterococcus_faecalis_16S_3	274	1425	231	1349	63	96	1055	869	0.823697	0.715815	324
28b60ebb-6635-42a3-934d-732630ffc7e8	Staphylococcus_aureus_16S_1	250	1431	192	1348	32	57	1124	932	0.829181	0.768343	690
8fc6d125-76f8-478d-a179-7705c993a264	Pseudomonas_aeruginosa_16S_4	19	1494	0	1477	45	43	1432	1242	0.867318	0.817105	1296
7b73ac3e-a7ef-435a-9b6a-7e80b3c29d97	Pseudomonas_aeruginosa_16S_4	22	1410	4	1411	70	51	1337	1156	0.864622	0.792867	1066
375c53d8-d426-4b72-bb0d-24462a7e15c7	Salmonella_enterica_16S_2	236	1501	217	1484	61	59	1206	981	0.813433	0.739819	502
44e4162b-4451-4cb2-8bae-76eb56e53b59	*	-1	-1	-1	-1	-1	-1	-1	-1	-1	-1	-1
a297382e-f2c1-4f8d-a4fc-f12fb6d377c1	Pseudomonas_aeruginosa_16S_4	25	1406	8	1355	88	122	1259	1000	0.794281	0.680735	124
d88895c6-900a-45e1-a0c3-53f9f4b240ac	Pseudomonas_aeruginosa_16S_2	19	1492	0	1449	45	69	1404	1197	0.852564	0.788538	1018
dbfad513-bdfd-440f-85db-54f0201367c1	Pseudomonas_aeruginosa_16S_4	23	1491	0	1464	50	54	1414	1280	0.905233	0.843215	1552
9ee3983a-7d96-41de-8b07-1d0f224c83d9	Listeria_monocytogenes_16S_3	36	1517	6	1452	43	78	1403	1263	0.900214	0.82874	1416
4f46280d-68b9-4779-b65a-3973af78e4e8	Lactobacillus_fermentum_16S_1	277	1448	221	1358	52	86	1085	847	0.780645	0.692559	215
e084c442-0fbd-4842-b363-960dfca48d29	Enterococcus_faecalis_16S_1	259	1425	202	1342	40	66	1100	902	0.82	0.747927	532
f5826a29-cdc1-4ab5-94de-5cc9b6fdcc10	*	-1	-1	-1	-1	-1	-1	-1	-1	-1	-1	-1
a4589f85-79db-42e6-9d96-0652a2cfe386	Salmonella_enterica_16S_2	245	1397	219	1360	40	51	1101	928	0.84287	0.778524	746
6f9dabfe-3152-41ee-a664-48f02bc509a4	Escherichia_coli_16S_2	323	1425	290	1326	58	124	978	810	0.828221	0.698276	220
f78b7fbc-5579-47d4-83b2-19b6a94b03c9	*	-1	-1	-1	-1	-1	-1	-1	-1	-1	-1	-1
ceac664a-48de-495f-894f-6451ae967737	Pseudomonas_aeruginosa_16S_2	297	1491	261	1420	49	84	1110	900	0.810811	0.724055	434
dc2fd51b-f432-4c77-a180-80fc6e634212	Salmonella_enterica_16S_3	282	1501	257	1424	69	121	1098	895	0.815118	0.694876	194
5f5b79e6-60de-437a-926f-8bc83d69626f	Salmonella_enterica_16S_3	235	1501	217	1464	58	77	1189	972	0.817494	0.734139	518
d7a7c5bc-5feb-4d5b-969d-98a3e1509a5f	Staphylococcus_aureus_16S_3	250	1419	203	1378	53	47	1122	920	0.819964	0.752864	568
9596210f-9625-4027-a265-fc17781838a2	*	0	-1	-1	-1	-1	-1	-1	-1	-1	-1	-1
05250505-3f2c-4f1b-818d-f9ebf7633986	Staphylococcus_aureus_16S_1	253	1419	214	1354	39	65	1101	910	0.826521	0.755187	612
05aec802-bb65-4b5a-9caf-aa5208680c18	Pseudomonas_aeruginosa_16S_1	22	1494	3	1414	28	89	1383	1222	0.883586	0.814667	1322
cbc9cc28-e23b-4afc-99a1-a19258e1524d	Bacillus_subtilis_16S_2	249	1417	203	1336	63	98	1070	898	0.839252	0.729488	430
27dd88d1-0eb4-41f5-a24c-749594735dd9	Pseudomonas_aeruginosa_16S_3	19	1494	0	1485	65	55	1420	1243	0.875352	0.807143	1226
2aa3c2f3-9f63-4b3e-81f2-d4705a18a4d6	*	-1	-1	-1	-1	-1	-1	-1	-1	-1	-1	-1
8aafdda5-6dba-457f-9f80-bba4a461c7d4	Pseudomonas_aeruginosa_16S_2	19	1494	0	1466	40	49	1426	1236	0.86676	0.815842	1302
76223ad7-1b13-474d-b175-f47417b72e12	Pseudomonas_aeruginosa_16S_2	227	1494	197	1417	48	95	1172	983	0.838737	0.747528	643
0dcd9b48-bc95-4a73-aa68-2360bcefc6f4	Bacillus_subtilis_16S_5	272	1416	233	1333	45	89	1055	874	0.828436	0.735071	448
a20ec3e7-283e-4069-b80b-bf8ae4b6f575	Pseudomonas_aeruginosa_16S_2	19	1494	0	1467	32	40	1435	1281	0.892683	0.850033	1606
bfb91a54-c867-4c36-886b-ff20507b4544	Staphylococcus_aureus_16S_6	251	1429	190	1317	37	88	1090	903	0.82844	0.74321	536
82424822-87cc-43ec-8258-dd7d3038f5a4	Staphylococcus_aureus_16S_3	251	1516	216	1421	88	148	1117	912	0.816473	0.674058	48
a0903c46-c42c-4850-86da-7d202cfe7b84	Salmonella_enterica_16S_6	236	1414	220	1392	62	68	1110	960	0.864865	0.774194	768
795faefc-275e-4bbd-9791-666510aff623	Pseudomonas_aeruginosa_16S_2	94	1494	71	1426	36	81	1319	1108	0.84003	0.771588	838
23d3eada-5a55-4ced-9db0-b70cdaa9626b	Pseudomonas_aeruginosa_16S_3	23	1494	0	1462	25	34	1437	1275	0.887265	0.852273	1616
1d616276-d384-452b-b9bf-e38e4353da04	Bacillus_subtilis_16S_2	250	1450	277	1447	53	83	1117	930	0.832587	0.742219	516
0b4b760e-7e8a-422d-9535-a4ecc189da5e	Pseudomonas_aeruginosa_16S_4	19	1494	0	1461	66	80	1395	1193	0.855197	0.774173	906
4c6f26de-0358-4549-8242-0c0bd66f3041	Bacillus_subtilis_16S_2	250	1518	173	1395	27	73	1195	1088	0.91046	0.840154	1340
7c9307aa-19c5-4fef-8b48-91927a32ed16	Pseudomonas_aeruginosa_16S_4	227	1394	181	1296	30	82	1085	941	0.867281	0.786132	883
c2bbf4ab-0d6a-4922-968f-d85c7ea26997	Salmonella_enterica_16S_1	236	1500	213	1459	53	71	1193	982	0.823135	0.745634	584
6c94be7c-581f-499b-8c83-47ab3f6cf34d	Pseudomonas_aeruginosa_16S_2	19	1494	0	1454	36	57	1418	1272	0.897038	0.841827	1542
4984fd3c-6114-44cc-8908-d3bbd1092996	Salmonella_enterica_16S_1	236	1418	203	1355	41	71	1111	908	0.817282	0.742437	504
cde47846-b9e3-4baf-819f-12e3d163789f	Pseudomonas_aeruginosa_16S_4	19	1494	0	1481	43	37	1438	1311	0.911683	0.863636	1738
26a56880-ddec-4a53-993a-4771fbf9b4ac	Pseudomonas_aeruginosa_16S_2	19	1494	0	1441	37	71	1404	1251	0.891026	0.827381	1382
ba29b25e-49d6-43d6-a9a5-b4e098ec10d7	Pseudomonas_aeruginosa_16S_4	226	1486	176	1394	37	79	1181	999	0.845893	0.770239	810
ce6be02a-a5f3-4ca2-8394-983ed0ffedcc	Pseudomonas_aeruginosa_16S_1	19	1494	0	1528	94	41	1434	1238	0.863319	0.789038	1122
542969f9-1ffd-475d-9c26-d93d065ddb31	Bacillus_subtilis_16S_5	233	1417	195	1352	43	70	1114	914	0.820467	0.744906	506
b25253d8-cee7-41ce-85ad-6fd87f129cf1	*	0	-1	-1	-1	-1	-1	-1	-1	-1	-1	-1
c01c5a7a-5c0c-4360-80a0-5eff902bb672	Pseudomonas_aeruginosa_16S_3	231	1494	232	1459	37	73	1190	1024	0.860504	0.787692	920
b73f173e-f9de-4862-a991-3eb187de1d55	Bacillus_subtilis_16S_3	32	1518	3	1497	57	49	1437	1319	0.917884	0.854828	1702
1070a9fe-8cc0-4d20-acc1-810b7cbd9a53	Pseudomonas_aeruginosa_16S_2	19	1494	0	1459	38	54	1421	1278	0.899367	0.844679	1552
6cf1171a-ab1c-40bf-983b-cadcde8ee341	Pseudomonas_aeruginosa_16S_2	37	1494	18	1475	43	43	1414	1300	0.919378	0.866667	1728
5658a285-5051-488e-90f6-39e9a83a1362	Pseudomonas_aeruginosa_16S_3	19	1293	0	1289	72	57	1217	1038	0.852917	0.771174	814
2f80b44f-1951-4dee-b4c5-6a4228826626	Staphylococcus_aureus_16S_2	251	1403	262	1390	62	86	1066	847	0.794559	0.697694	215
9229e5cc-936d-4dff-8a10-c96f10e3248a	Enterococcus_faecalis_16S_2	259	1438	201	1343	42	79	1100	909	0.826364	0.744472	544
16c107c3-9133-4250-b25f-5ec87f55d584	Pseudomonas_aeruginosa_16S_1	19	1494	0	1437	41	79	1396	1286	0.921203	0.848285	1588
5794f97d-8442-488a-987f-c4490b61b82d	Pseudomonas_aeruginosa_16S_2	211	1394	192	1346	50	79	1104	912	0.826087	0.739659	490
e31691b7-5b8a-4d66-85bd-4162bb91f827	Enterococcus_faecalis_16S_1	514	1526	455	1452	30	45	967	816	0.843847	0.783109	646
6e952be4-2ea4-4a35-a050-b21409054fff	Staphylococcus_aureus_16S_1	255	1520	217	1468	65	79	1186	981	0.82715	0.737594	526
8b888226-e7d9-4c67-88bc-e62b98207de8	*	-1	-1	-1	-1	-1	-1	-1	-1	-1	-1	-1
7445665b-feb8-4dc6-b595-562f975831e9	Enterococcus_faecalis_16S_4	259	1437	220	1383	64	79	1099	904	0.822566	0.727858	462
8c4e5bc6-c99d-48ee-b91f-e17af35e88f4	Pseudomonas_aeruginosa_16S_2	223	1402	188	1357	37	47	1132	925	0.817138	0.760691	662
66dfd245-0114-4953-be5a-6e0c910e8711	Bacillus_subtilis_16S_7	30	1501	0	1422	45	94	1377	1208	0.877269	0.796834	1142
63f848d8-9d41-4032-894d-cd2bc1d65eca	Pseudomonas_aeruginosa_16S_1	212	1494	154	1401	42	77	1205	1037	0.860581	0.783233	904
d38d503a-3cc0-4b10-a494-1eac04f20f1a	Pseudomonas_aeruginosa_16S_3	217	1494	202	1486	44	37	1240	1057	0.852419	0.800151	1012
f2df904f-1a96-43e6-b500-b86de164748d	Staphylococcus_aureus_16S_4	250	1424	199	1335	60	98	1076	892	0.828996	0.722853	396
9dc386a2-3883-479f-bf32-4897063685a3	Bacillus_subtilis_16S_1	32	1255	3	1227	89	88	1135	937	0.825551	0.714177	296
a5465854-e962-4142-8257-8c7ff0424aeb	Bacillus_subtilis_16S_5	301	1417	256	1349	53	76	1040	851	0.818269	0.727973	368
2e7351e7-ac33-412a-a7be-f16c5ace1279	Bacillus_subtilis_16S_5	233	1417	192	1345	48	79	1105	903	0.817195	0.732955	432
e4f89e12-6c42-47b5-9dc0-6fedf295441b	*	0	-1	-1	-1	-1	-1	-1	-1	-1	-1	-1
074bc058-654d-4448-a655-fadcff1093aa	Bacillus_subtilis_16S_7	250	1518	277	1482	40	103	1165	967	0.830043	0.739297	564
1f098398-4c07-4d99-a2b0-a25cf3fd0774	Staphylococcus_aureus_16S_1	243	1418	204	1364	48	63	1112	902	0.811151	0.737531	426
f04ad33e-ac8a-4de4-ad81-6652b34444cb	Staphylococcus_aureus_16S_5	246	1419	226	1411	77	65	1108	916	0.826715	0.7328	456
6a014e05-ebef-47ec-b89c-d07a1df3a2af	Salmonella_enterica_16S_5	236	1501	220	1480	63	68	1197	1012	0.845447	0.762048	698
ae5c7bb9-0a88-432a-abf5-27bf79eaba04	Bacillus_subtilis_16S_4	250	1417	211	1325	54	107	1060	888	0.837736	0.727273	446
