read_id	alignment_genome	alignment_genome_start	alignment_genome_end	alignment_strand_start	alignment_strand_end	alignment_num_insertions	alignment_num_deletions	alignment_num_aligned	alignment_num_correct	alignment_identity	alignment_accuracy	alignment_score
20a42a53-82af-4c76-a092-65e40f8f05b5	*	-1	-1	-1	-1	-1	-1	-1	-1	-1	-1	-1
01815a93-b3f2-4afc-a5ea-1b6db3c414ff	*	-1	-1	-1	-1	-1	-1	-1	-1	-1	-1	-1
9d091f0e-34aa-4d07-a41f-b0a901a83114	Lactobacillus_fermentum_16S_1	21	1536	0	1495	25	45	1470	1406	0.956463	0.912987	2216
b90fbebe-585b-4eca-b403-78e3bc23c550	*	-1	-1	-1	-1	-1	-1	-1	-1	-1	-1	-1
5f210576-3a1f-4fa9-986d-b0a3b9f30eb2	Listeria_monocytogenes_16S_3	28	1517	0	1507	58	40	1449	1393	0.961353	0.900452	2134
babe9e49-7799-45c3-b6a0-c6da1d4734fc	Salmonella_enterica_16S_2	21	1497	0	1439	53	90	1386	1261	0.909812	0.824722	1420
b3160dd0-e269-47d9-bc30-5eb927827ef5	Bacillus_subtilis_16S_9	29	1506	0	1456	33	54	1423	1349	0.947997	0.893377	1980
b987cc6f-2704-414f-859f-e4c3940805e5	Bacillus_subtilis_16S_10	29	1518	0	1480	45	54	1435	1394	0.971429	0.908735	2190
abc5db23-82ca-4336-aac4-3f230a3f2d03	Enterococcus_faecalis_16S_2	26	1526	0	1474	31	57	1443	1372	0.950797	0.896146	2056
1a496ed9-d314-4226-a67a-9e6d033f15e4	Bacillus_subtilis_16S_4	29	1518	0	1462	42	69	1420	1333	0.938732	0.870673	1816
204c3dce-4e1e-43a3-8239-d9e8fea71844	*	-1	-1	-1	-1	-1	-1	-1	-1	-1	-1	-1
9113da5e-39d0-41a9-a690-eb58ec42d2c2	*	-1	-1	-1	-1	-1	-1	-1	-1	-1	-1	-1
56f229eb-27c1-42e2-a574-72d2b1645c34	Listeria_monocytogenes_16S_3	28	1517	0	1498	41	32	1457	1365	0.936857	0.892157	2028
b98ebe59-ef78-414b-88bd-2262e2f17934	Staphylococcus_aureus_16S_6	29	1518	0	1482	50	57	1432	1345	0.939246	0.873944	1848
8927d5c5-8894-4039-920e-ea62f05fa720	Staphylococcus_aureus_16S_3	29	1520	0	1546	83	28	1463	1389	0.949419	0.882465	1964
8e730e50-04bc-4748-b098-aaf5930a64ca	Lactobacillus_fermentum_16S_1	21	1536	0	1509	32	38	1477	1391	0.941774	0.89916	2122
4c36d5c8-ebf4-485e-8390-dd4e1f26ee53	Lactobacillus_fermentum_16S_1	21	1536	0	1479	37	73	1442	1326	0.919556	0.854381	1740
7fcca33b-0896-48e7-8f16-d31906c1cffa	*	-1	-1	-1	-1	-1	-1	-1	-1	-1	-1	-1
ddf0d413-d242-4bfe-8ef6-41851ff575e1	Staphylococcus_aureus_16S_6	29	1506	0	1458	43	62	1415	1269	0.89682	0.834868	1496
0ef4318b-7b47-4efd-bf2d-3c8d4cc71a17	Staphylococcus_aureus_16S_6	29	1520	0	1418	38	111	1380	1249	0.905072	0.816874	1308
9b3c4830-e058-4ecf-863b-c220e6897e4f	Staphylococcus_aureus_16S_6	29	1508	0	1536	97	40	1439	1390	0.965949	0.88198	2014
6350edd8-2725-4f37-bb5b-cfcd7906e6f5	Listeria_monocytogenes_16S_3	96	1517	56	1419	28	86	1335	1247	0.934082	0.860593	1658
827c279b-8f83-4079-828b-f89cb1f30a5e	Lactobacillus_fermentum_16S_1_rc	236	1524	303	1635	107	63	1225	1086	0.886531	0.778495	909
5bb2f342-174c-4fb2-ace3-5f691ee80235	Enterococcus_faecalis_16S_4	27	1526	0	1530	71	40	1459	1417	0.971213	0.902548	2200
49a53ced-d3a7-4e44-b38d-d38c05cce8bc	Pseudomonas_aeruginosa_16S_1	19	1399	0	1335	53	98	1282	1140	0.889236	0.795534	1050
f9934dad-19b8-48b4-b5ce-c7475b5a37c6	Enterococcus_faecalis_16S_3	26	1526	0	1466	30	64	1436	1363	0.949164	0.89085	2006
40156e6d-474e-47d0-9535-8c5a66414cc2	Staphylococcus_aureus_16S_5	226	1500	189	1443	80	100	1174	1059	0.902044	0.782127	886
0354317a-2f3e-4088-bb3c-12ada02610c1	Staphylococcus_aureus_16S_4	111	1520	102	1447	41	105	1304	1217	0.933282	0.83931	1438
183a2b04-bf8d-4e85-9715-e6fd590c31cb	Listeria_monocytogenes_16S_3	28	1517	0	1489	64	64	1425	1379	0.967719	0.887959	2062
79880222-ff67-4ea4-8423-e2d4d6e10eb2	Salmonella_enterica_16S_3	30	1501	7	1487	69	60	1411	1310	0.92842	0.850649	1662
21b0e251-1298-4c2f-8d45-1043265ca2f3	Escherichia_coli_16S_1	28	1414	0	1388	54	52	1334	1303	0.976762	0.904861	2006
73f98ba4-ed50-426c-b588-f6ec1774815d	Bacillus_subtilis_16S_1	29	1514	0	1465	30	50	1435	1341	0.934495	0.885149	1938
9eba906b-e74e-4fb2-bf78-3335e0783e27	Staphylococcus_aureus_16S_3	33	1520	0	1481	38	44	1443	1393	0.96535	0.913443	2230
77d27f07-0e82-45a0-a82f-3f3c2b21e51f	Listeria_monocytogenes_16S_1	28	1517	0	1449	27	67	1422	1393	0.979606	0.918865	2250
c6a2c0c4-8943-4828-84a7-5618226fe330	Listeria_monocytogenes_16S_5	28	1517	0	1458	59	90	1399	1318	0.942101	0.851421	1638
1cbfcbf2-490e-4847-8d66-3e6c5a546fd1	Bacillus_subtilis_16S_8	29	1518	0	1492	45	42	1447	1364	0.94264	0.889179	1978
61f1f350-29ac-4a96-bb9d-abe49b491905	Lactobacillus_fermentum_16S_1	21	1536	0	1530	51	36	1479	1385	0.936444	0.884419	2032
a7233da1-43f2-4569-a05d-dd8bc83a89e6	*	-1	-1	-1	-1	-1	-1	-1	-1	-1	-1	-1
2def7cdc-f1a7-4086-9d41-02b3680dfb44	Staphylococcus_aureus_16S_6	29	1431	0	1406	49	45	1357	1287	0.948416	0.886975	1878
26eb46bf-fed9-4d23-b44b-451ffb2d22a9	*	-1	-1	-1	-1	-1	-1	-1	-1	-1	-1	-1
08650fa9-22ec-4fc5-a29a-b3fd83dee8b3	Bacillus_subtilis_16S_10	37	1518	5	1470	33	49	1432	1384	0.96648	0.914135	2176
37d18f0f-7120-4c8c-9b40-26389570ed3e	Lactobacillus_fermentum_16S_1	21	1536	0	1475	9	49	1466	1432	0.976808	0.939633	2504
27cdb5bd-5f81-4088-ba98-329e388fe386	Bacillus_subtilis_16S_8	101	1518	98	1469	29	75	1342	1258	0.937407	0.869986	1752
3cc8c4db-8f69-459b-b47b-a200388048cd	Staphylococcus_aureus_16S_6	11	1520	120	1596	63	96	1413	1274	0.901628	0.810433	1298
c270d21e-6056-4e52-bc18-596be36b1f6a	Salmonella_enterica_16S_4	497	1494	447	1422	27	49	948	905	0.954641	0.883789	1302
9fc9b463-3659-4122-bba4-ff320ea14343	Listeria_monocytogenes_16S_5	29	1513	0	1453	25	56	1428	1391	0.97409	0.921803	2264
85257c9d-e7f2-416e-9e99-82f075e4c92c	*	-1	-1	-1	-1	-1	-1	-1	-1	-1	-1	-1
30c7700c-4fdc-48a1-94b6-64f0a46c780c	Listeria_monocytogenes_16S_3	28	1517	0	1486	40	43	1446	1405	0.971646	0.918901	2232
c4c60ccc-1f7b-4a75-b8ec-01c4bb785d47	Bacillus_subtilis_16S_2	29	1511	0	1501	54	35	1447	1396	0.964755	0.908854	2166
11b6f46d-1ecd-4a35-baa1-d6d3636e82bb	Escherichia_coli_16S_3	28	1508	0	1458	37	59	1421	1399	0.984518	0.922215	2278
081267a7-3c9e-4b52-babf-80534c95366f	Listeria_monocytogenes_16S_1	252	1517	222	1521	61	27	1238	1150	0.928918	0.86727	1548
e999a420-8364-41be-aa29-721396b5fd41	*	0	-1	-1	-1	-1	-1	-1	-1	-1	-1	-1
60f5e3eb-5201-4309-9c43-b38c9035ee71	Bacillus_subtilis_16S_3	12	1487	98	1611	99	61	1414	1328	0.93918	0.84371	1620
1a32212f-33cd-451c-b705-a7c55d50597c	Escherichia_coli_16S_8	28	1508	0	1424	37	93	1387	1343	0.968277	0.8853	1930
d2963c1c-b067-4c56-949e-e3dd148a4168	Bacillus_subtilis_16S_10	29	1518	0	1470	39	58	1431	1369	0.956674	0.895942	2056
5da865e5-5854-476d-a0e1-d5917be871f3	Bacillus_subtilis_16S_2	31	1518	4	1456	56	91	1396	1321	0.946275	0.856124	1688
6a057da7-d8f6-43d2-9511-d481999358f7	Lactobacillus_fermentum_16S_2	20	1245	3	1156	55	127	1098	987	0.898907	0.771094	729
2396012f-bba6-4af9-b6a1-0309168f1a13	Salmonella_enterica_16S_2	236	1501	217	1456	46	72	1193	1103	0.92456	0.841343	1354
0957f0ad-980d-44d2-813b-6d8ec7e5481c	Bacillus_subtilis_16S_1	29	1518	0	1404	34	119	1370	1286	0.938686	0.844386	1562
faf6d8aa-e200-4a14-8d3c-d412796233bc	Lactobacillus_fermentum_16S_1	253	1527	198	1462	37	47	1227	1138	0.927465	0.86804	1521
f7c7d6d0-7784-4624-b129-1b0295c58b8b	Salmonella_enterica_16S_6	24	1501	3	1535	114	59	1418	1342	0.946403	0.843495	1817
4ec1a895-a46b-4c93-b3b1-01b5ddb2d739	Escherichia_coli_16S_8	28	1508	0	1420	48	108	1372	1229	0.895773	0.804319	1198
d1946804-9460-4023-8f3c-de3fb1b90753	Escherichia_coli_16S_3	28	1452	0	1428	51	47	1377	1303	0.94626	0.88339	1874
7ae07c9b-7bce-41d8-98d8-3ec1a80a10b7	Salmonella_enterica_16S_2	21	1497	0	1458	52	70	1406	1281	0.911095	0.838351	1526
7ce4bc1f-0a8b-43ee-a0ef-b8e30249ac01	Listeria_monocytogenes_16S_1	28	1517	0	1543	104	50	1439	1398	0.971508	0.877589	2159
179c9d6e-238b-4bb8-941b-8b67cfe5e753	Salmonella_enterica_16S_4	24	1501	3	1470	58	68	1409	1304	0.925479	0.849511	1668
8bc90cd1-4cbb-4834-8764-6c47a6239cfe	Bacillus_subtilis_16S_9	32	1514	3	1445	48	88	1394	1257	0.901722	0.821569	1406
f9e6bd60-f3ec-4c1c-8e10-870291596252	Enterococcus_faecalis_16S_4	26	1526	0	1474	20	46	1454	1418	0.975241	0.932895	2392
d79a70c3-920f-47cd-b0b5-6a1b50233e8f	Enterococcus_faecalis_16S_3	26	1524	0	1466	66	98	1400	1330	0.95	0.850384	1704
0905ba35-699a-4532-aebd-e5ccfc190d59	*	-1	-1	-1	-1	-1	-1	-1	-1	-1	-1	-1
3c5b9970-cf3d-4cd6-960c-2ec0a8914570	Salmonella_enterica_16S_5	21	1501	0	1482	42	40	1440	1364	0.947222	0.896189	2044
13455df7-7dad-4322-9141-7b7d6e0bd6eb	Bacillus_subtilis_16S_1	30	1510	0	1442	18	56	1424	1310	0.919944	0.874499	1804
f4b7c544-4be1-467b-a16e-1b56d0650474	Bacillus_subtilis_16S_1	29	1518	0	1477	32	44	1445	1392	0.963322	0.915187	2212
4bf60dd0-3134-4697-bd65-15ebd373297b	Escherichia_coli_16S_4	28	1508	0	1471	55	64	1416	1308	0.923729	0.852117	1678
73da669c-b71c-433f-b5b0-0cf1be4c23fd	Staphylococcus_aureus_16S_6	29	1518	0	1430	33	92	1397	1239	0.8869	0.81406	1248
198ede34-5627-46e0-9c35-bb268f9b5570	Listeria_monocytogenes_16S_5	38	1517	7	1455	59	90	1389	1318	0.948884	0.856957	1702
58d93079-1226-4699-868c-8ad2b21e73b9	*	-1	-1	-1	-1	-1	-1	-1	-1	-1	-1	-1
4e2abedf-7816-4db6-b9f3-db4960af4b8d	Bacillus_subtilis_16S_7	35	1509	8	1440	31	73	1401	1274	0.90935	0.846512	1572
4ffa1c5a-792c-4bac-bf6e-ba9ea9c10f7b	Listeria_monocytogenes_16S_6	28	1514	0	1444	19	61	1425	1374	0.964211	0.912957	2172
cb0f9deb-1bad-4499-ad25-6acf86cf5dda	Salmonella_enterica_16S_1	21	1501	0	1453	53	80	1400	1340	0.957143	0.874103	1842
7af599f3-8134-447c-8a30-f8ebed40fc8b	Listeria_monocytogenes_16S_3	99	1517	96	1519	49	44	1374	1296	0.943231	0.883436	1882
c9b9e479-c487-4517-b28a-2bab3ae07fa4	Listeria_monocytogenes_16S_6	31	1517	3	1471	51	69	1417	1294	0.913197	0.8419	1564
19cde9f5-c589-4ce5-9235-228188f99c77	Listeria_monocytogenes_16S_1	31	1517	3	1474	42	57	1429	1358	0.950315	0.888743	1978
5afc7617-f3c6-41a1-a330-0095a51d70ba	Bacillus_subtilis_16S_3	29	1518	0	1451	31	69	1420	1341	0.944366	0.882237	1902
71e4e1f7-7494-4aa0-8a53-7c99b01fe9ee	Lactobacillus_fermentum_16S_1	20	1528	0	1480	31	59	1449	1378	0.951001	0.895387	2069
efb94f3a-53c1-412c-8e5e-102e2ac21ae6	Bacillus_subtilis_16S_9	29	1503	0	1470	43	47	1427	1389	0.973371	0.915623	2210
9eb18cd9-3699-44d3-b323-03b70f1bdf32	Salmonella_enterica_16S_5	21	1502	0	1454	42	69	1412	1323	0.936969	0.86868	1776
fd4e6a40-436f-48ec-96e8-babee1200655	Enterococcus_faecalis_16S_2	26	1526	0	1470	35	65	1435	1384	0.96446	0.901629	2116
37215097-ce13-4f34-83c9-af240adf9056	Lactobacillus_fermentum_16S_1	21	1536	0	1496	30	49	1466	1393	0.950205	0.901618	2156
d22f51be-e6cc-4629-b84d-9e6fe45db2c4	Listeria_monocytogenes_16S_3	28	1517	0	1507	66	48	1441	1314	0.911867	0.845016	1636
68720269-d527-40d2-8946-881b9995ee8f	Lactobacillus_fermentum_16S_1	21	1536	0	1473	37	79	1436	1375	0.957521	0.885954	2010
9190f74e-3a65-493e-a2d4-39d7cfc77810	Enterococcus_faecalis_16S_4	26	1526	0	1525	49	24	1476	1409	0.954607	0.909619	2208
5c3badaf-e6bb-4a12-96f6-5a25097c2a53	Lactobacillus_fermentum_16S_2	540	1546	484	1491	53	52	954	869	0.910901	0.820585	927
a7e67889-03b6-48a9-a1e7-41277049c064	Salmonella_enterica_16S_1	21	1414	0	1363	43	73	1320	1212	0.918182	0.844011	1476
2504a881-7e5a-4aae-b546-0af77b8a5fb9	Lactobacillus_fermentum_16S_2	22	1546	0	1487	31	68	1456	1399	0.960852	0.899678	2138
8142d488-b99b-48ee-9ec7-7a3bbc63a543	Bacillus_subtilis_16S_4	29	1518	0	1452	35	72	1417	1361	0.96048	0.893045	2040
bf2ce6dc-68a0-4f6a-871f-b67c85d19632	Bacillus_subtilis_16S_6	42	1518	13	1470	15	34	1442	1348	0.934813	0.904091	2074
980b5712-6803-45e1-8285-2e563364beb8	Escherichia_coli_16S_3	28	1508	0	1489	76	67	1413	1299	0.919321	0.834833	1512
88dddd3b-9ee7-4289-9962-2755cce3fa00	Staphylococcus_aureus_16S_3	32	1520	3	1316	48	223	1265	1188	0.93913	0.773438	1440
0fc426be-7738-44cb-9368-cad424bdc6b7	*	-1	-1	-1	-1	-1	-1	-1	-1	-1	-1	-1
534bc35b-4384-4c6d-9274-13d02d5a2d81	Enterococcus_faecalis_16S_3	26	1514	0	1444	38	82	1406	1352	0.961593	0.885976	1964
3c72f7de-e690-425f-9d43-b1378e136849	Pseudomonas_aeruginosa_16S_4	19	1494	0	1452	34	57	1418	1377	0.971086	0.912525	2180
666f0e90-fe4e-4021-b877-5435523bdd6a	Lactobacillus_fermentum_16S_1	24	1519	3	1463	36	71	1424	1318	0.925562	0.860875	1792
1e7d706a-9417-4c1a-b875-8604e06ca209	Lactobacillus_fermentum_16S_1	21	1536	0	1514	56	57	1458	1345	0.922497	0.856143	1716
4364edd1-c2bf-4a90-8c79-6c28aac74945	Salmonella_enterica_16S_5	21	1420	0	1316	56	139	1260	1085	0.861111	0.745704	636
715a8c2f-4f79-4b62-87ca-929027c888a0	Listeria_monocytogenes_16S_6	255	1512	219	1488	48	36	1221	1108	0.907453	0.849042	1368
003bb547-a611-453a-a918-bcc6613b0663	Lactobacillus_fermentum_16S_1	24	1535	3	1488	49	75	1436	1329	0.925487	0.851923	1698
1e371598-d39a-4a46-8f3c-38a4a44b92b2	Pseudomonas_aeruginosa_16S_4	19	1486	0	1437	47	77	1390	1295	0.931655	0.85535	1658
878956f1-8036-46bf-a85c-0aa29565af5e	Lactobacillus_fermentum_16S_1	21	1536	0	1479	48	84	1431	1345	0.939902	0.860525	1770
04c9a090-7025-491c-96af-9e5cbe486296	Salmonella_enterica_16S_5	21	1501	0	1450	60	90	1390	1324	0.952518	0.85974	1708
cb7c5749-1667-4ad1-8622-1dcb45b2c2a8	Listeria_monocytogenes_16S_4	103	1510	69	1366	46	156	1251	1120	0.895284	0.770819	924
c6b26221-176c-4887-a90c-41569f4c75a2	Bacillus_subtilis_16S_2	29	1518	0	1476	48	61	1428	1376	0.963585	0.89525	2038
eef9e898-410f-4c85-a546-51b115c57cc0	Bacillus_subtilis_16S_1	30	1518	0	1482	53	59	1429	1332	0.93212	0.864374	1812
d54b5b81-5f59-431f-bd14-ff8511d66d6c	Escherichia_coli_16S_7	28	1508	0	1463	43	60	1420	1305	0.919014	0.856861	1680
8861bf97-d1e3-4fa2-ae04-575c4ad34355	Bacillus_subtilis_16S_7	29	1518	0	1445	30	74	1415	1313	0.927915	0.864384	1762
69d5ff34-821f-410a-85c2-28116c59e7ac	Bacillus_subtilis_16S_7	29	1508	0	1423	26	82	1397	1318	0.94345	0.875748	1860
2d6aafd4-04b6-400d-ad34-6920a2a57034	Lactobacillus_fermentum_16S_1	21	1536	0	1479	25	61	1454	1356	0.9326	0.88052	1976
abb8d956-ff7a-49a3-a6c4-8931b3dc1b1f	Salmonella_enterica_16S_3	21	1501	0	1481	38	37	1443	1356	0.939709	0.893281	2006
c185dedb-2817-45fe-b993-ad6219332b50	Enterococcus_faecalis_16S_2	27	1526	0	1482	39	56	1443	1369	0.948718	0.890117	2012
ff1f9c66-9a02-4808-bf4c-7ea27463ce23	Enterococcus_faecalis_16S_3	26	1526	0	1458	17	59	1441	1341	0.930604	0.883982	1938
f50304a9-5937-4e91-bf82-4d36dff58b08	Bacillus_subtilis_16S_5_rc	29	1516	87	1401	28	201	1286	1242	0.965785	0.819802	1723
9f8256d8-f57f-4895-ae3c-85332368549d	*	-1	-1	-1	-1	-1	-1	-1	-1	-1	-1	-1
b5dc0509-14f5-4a9c-9ea2-5be2e69bf4d7	Escherichia_coli_16S_5	28	1504	0	1411	40	105	1371	1297	0.946025	0.855541	1688
1983e7c7-46e3-4446-ac5e-f05ca3ce6433	Staphylococcus_aureus_16S_6	32	1270	3	1215	26	52	1186	1117	0.941821	0.883703	1594
157df0c7-a2a9-4eab-94a7-93d5e7185ede	Enterococcus_faecalis_16S_1	259	1526	214	1462	24	43	1224	1162	0.949346	0.900077	1774
e1f1785d-f059-42c3-8b56-75a4d546118e	Escherichia_coli_16S_4	28	1508	0	1456	27	51	1429	1390	0.972708	0.922362	2260
0e9271fe-3f6c-4242-b7ab-2aa58cee1869	Bacillus_subtilis_16S_1	29	1518	0	1464	31	56	1433	1369	0.955338	0.900658	2076
daa00797-9180-4474-b531-eb85c30b7e11	Enterococcus_faecalis_16S_2	26	1524	0	1482	35	51	1447	1361	0.940567	0.887802	1982
c78a91fb-3c0a-482d-9116-93002138734b	Enterococcus_faecalis_16S_3	26	1522	0	1551	104	49	1447	1340	0.926054	0.8375	1598
a92ac7cd-272d-4b32-8ec7-0f0f7aabc28d	Bacillus_subtilis_16S_9	29	1518	0	1444	16	61	1428	1384	0.969188	0.919601	2238
d5b70597-c249-4a13-9cc0-43e85267f991	Bacillus_subtilis_16S_10	81	1513	46	1445	44	77	1355	1237	0.912915	0.838076	1428
8b90665b-ac9e-4e04-95d5-adff93bb5dee	Lactobacillus_fermentum_16S_1	21	1536	0	1494	34	55	1460	1389	0.95137	0.896708	2077
fe451cfc-41ab-4ef9-8d3f-9bce8a8a16fd	Bacillus_subtilis_16S_10	32	1518	3	1496	49	42	1444	1379	0.954986	0.898371	2108
79c5de8f-d593-40b4-94c0-3ac84671f60f	Listeria_monocytogenes_16S_4	31	1517	3	1424	29	94	1392	1249	0.89727	0.824422	1400
bc090284-2e09-44bc-8834-d27dfb00d984	Bacillus_subtilis_16S_1	32	1516	3	1454	28	61	1423	1373	0.964863	0.908069	2128
b18f6a36-d068-42c7-b010-1f0d6e0f2b16	Bacillus_subtilis_16S_4	32	1518	3	1459	17	47	1439	1371	0.952745	0.912176	2178
170b8c87-f3d8-43ae-9dce-c70835687548	Staphylococcus_aureus_16S_6	29	1503	0	1412	34	96	1378	1269	0.9209	0.841512	1570
8cf8ba17-6a0a-455a-a911-c9ec9acec1ef	Staphylococcus_aureus_16S_5	32	1512	3	1487	51	47	1433	1363	0.951151	0.890268	2006
b5b97b8b-db8d-4195-a814-2c1870a63a79	Staphylococcus_aureus_16S_4	29	1520	0	1454	40	77	1414	1290	0.912306	0.842587	1566
ebd10cee-bbf9-4c23-9699-802e9ee69fc3	Escherichia_coli_16S_5	23	1508	0	1450	25	60	1425	1332	0.934737	0.882119	1898
c2ef9ad5-cc8c-41a7-91ba-2570e18a1a80	Escherichia_coli_16S_5	28	1421	0	1373	25	45	1348	1303	0.966617	0.9189	2082
0b01710b-e03f-43d0-8093-77a2f42f3813	Lactobacillus_fermentum_16S_1	21	1533	0	1396	49	165	1347	1192	0.884929	0.763613	868
0e9a907e-bed1-415d-b922-4e2c92911e84	Lactobacillus_fermentum_16S_1	21	1536	0	1480	45	80	1435	1298	0.90453	0.832051	1510
0141c951-62fb-4c13-9dcb-5991c9c22492	Listeria_monocytogenes_16S_3	106	1517	99	1479	18	49	1362	1288	0.945668	0.90133	1966
046d8ba9-82a1-42ed-baf3-86706ffd80c4	*	-1	-1	-1	-1	-1	-1	-1	-1	-1	-1	-1
48c87177-658e-46e9-b0cf-23b77ab61172	Staphylococcus_aureus_16S_3	33	1520	0	1361	36	162	1325	1231	0.929057	0.808273	1266
6d391552-9f1a-4fdc-baaa-7fb1fd9cdcac	Escherichia_coli_16S_2	31	1508	3	1463	41	58	1419	1333	0.939394	0.878129	1880
553ee300-4b33-4108-85f3-221985268313	Bacillus_subtilis_16S_7	29	1518	0	1458	43	74	1415	1312	0.927208	0.856397	1698
14e1c668-1fa4-42cc-84d2-9e9296dbe7b7	Listeria_monocytogenes_16S_3	28	1517	0	1496	48	41	1448	1346	0.929558	0.875732	1890
65898c69-5b74-4a32-aff5-471be372bb5f	Salmonella_enterica_16S_5	91	1501	91	1484	49	66	1344	1227	0.912946	0.840987	1540
d45372ee-cb2c-4cc4-a221-8c4f7dce61dd	*	-1	-1	-1	-1	-1	-1	-1	-1	-1	-1	-1
28e420cb-d63f-4786-94b5-d20d431e95f9	Enterococcus_faecalis_16S_1	26	1526	0	1483	67	84	1416	1294	0.913842	0.825782	1386
51a9f418-f0bc-4a9b-bc19-e2d89b58571a	Staphylococcus_aureus_16S_2	29	1520	0	1473	36	54	1437	1321	0.919276	0.865095	1730
e4244ebe-3d7a-4bb2-aa17-5c49dc6297e5	Pseudomonas_aeruginosa_16S_3	22	1494	3	1525	96	46	1426	1323	0.92777	0.84375	1642
39043019-bbc8-40b5-9141-bfe1553f105b	Listeria_monocytogenes_16S_3	29	1517	0	1484	33	37	1451	1404	0.967609	0.923077	2308
c8e7d4d4-dc1e-46de-a2d6-21a52dfba5da	Bacillus_subtilis_16S_1	29	1509	0	1436	55	99	1381	1266	0.916727	0.824756	1404
c6c4faaa-8a4f-4eb1-b0fc-5a51c85463c8	Salmonella_enterica_16S_5	20	1501	1	1439	29	72	1409	1296	0.919801	0.858278	1682
84b9fe3e-58a4-4a90-b0a5-71d78dae6675	Bacillus_subtilis_16S_5	29	1495	0	1387	52	131	1335	1228	0.91985	0.808959	1234
f217d23a-01c1-4a00-8dfe-426f564c18c2	Lactobacillus_fermentum_16S_1	21	1524	0	1470	25	58	1445	1398	0.967474	0.914921	2262
72eb3225-a149-4782-8d52-7ce311ecffd5	Bacillus_subtilis_16S_9	29	1518	0	1477	47	59	1430	1326	0.927273	0.863281	1776
294e9dce-8758-4f4c-b2d8-dfd51b73e4af	Bacillus_subtilis_16S_4	28	1501	0	1469	51	55	1418	1324	0.933709	0.868766	1828
bc0235c0-68d8-4d44-a406-d008287dd0fb	Bacillus_subtilis_16S_2	29	1506	0	1517	83	43	1434	1349	0.940725	0.864744	1822
da5a39fa-8e6b-4f82-91a5-03d4953e8623	Listeria_monocytogenes_16S_3	28	1517	0	1481	27	35	1454	1343	0.923659	0.885884	1958
6e6eb3c3-0e42-4a6c-8fd1-6c828099443f	*	-1	-1	-1	-1	-1	-1	-1	-1	-1	-1	-1
983d02b8-cd69-4142-b89c-0ee20f62ea44	Bacillus_subtilis_16S_3	29	1518	0	1498	93	84	1405	1284	0.913879	0.811631	1337
a1f5415b-554b-4198-b0a3-14858812abef	Bacillus_subtilis_16S_1	28	1518	0	1473	36	53	1437	1371	0.954071	0.898427	2072
62b088f0-5013-45da-8f98-175856329ec2	Escherichia_coli_16S_5	47	1490	13	1448	45	53	1390	1266	0.910791	0.850806	1564
39b216ea-0efc-4a3e-b7fb-132077486106	*	-1	-1	-1	-1	-1	-1	-1	-1	-1	-1	-1
4c314f59-ac4f-42f3-9890-d94f7e7ffb41	Bacillus_subtilis_16S_7	30	1518	0	1422	23	89	1399	1312	0.937813	0.868299	1796
76a4b4fc-32f2-46b7-bd2f-843f4c077f03	Bacillus_subtilis_16S_9	29	1518	0	1482	18	25	1464	1372	0.937158	0.910418	2162
3e3cc1e1-3e82-464d-ad70-7d252954c35f	Bacillus_subtilis_16S_1	29	1506	0	1518	83	42	1435	1354	0.943554	0.867949	1838
b56481eb-0dbb-452d-9cbf-0a3323c55cd0	*	-1	-1	-1	-1	-1	-1	-1	-1	-1	-1	-1
9d97afb8-0397-4c8f-83af-a6021e0b4ab5	Listeria_monocytogenes_16S_2	28	1517	0	1498	50	41	1448	1351	0.933011	0.877843	1900
e89e2eef-63e9-4b35-a518-c96c4c59fdfc	*	-1	-1	-1	-1	-1	-1	-1	-1	-1	-1	-1
64632bf6-d059-4be3-b1d5-7ce3ea0a3c49	*	-1	-1	-1	-1	-1	-1	-1	-1	-1	-1	-1
c71052da-8f22-4c76-8246-1e76cfb62bce	Staphylococcus_aureus_16S_1	36	318	7	269	4	24	258	246	0.953488	0.86014	320
5e98b9be-e5d8-45cf-80ae-552af78f1301	Enterococcus_faecalis_16S_4	30	1514	0	1459	45	70	1414	1313	0.928571	0.858731	1720
e9b2eb84-e4c4-4578-917f-92bdfd98490a	Bacillus_subtilis_16S_7	29	1518	0	1490	38	37	1452	1388	0.955923	0.908972	2170
0a1ef665-4fea-4f69-b2cb-4d9b4811d524	Staphylococcus_aureus_16S_2	106	1520	88	1481	36	57	1357	1294	0.953574	0.892414	1918
0cefbff0-b7b9-40ea-bc80-fc143552815d	Lactobacillus_fermentum_16S_2	21	1546	0	1516	28	37	1488	1430	0.961021	0.920798	2348
18b43088-1cc0-4e14-a14d-d038dc089428	Lactobacillus_fermentum_16S_1	21	1536	0	1513	34	36	1479	1429	0.966193	0.922531	2335
fa90034f-f092-4143-bec1-18bed5261a8d	Lactobacillus_fermentum_16S_1	21	1536	0	1491	19	43	1472	1397	0.949049	0.910691	2226
f2be73f1-cf7e-4b8f-b0ec-8c82806c5b0b	Lactobacillus_fermentum_16S_1	25	1534	0	1557	81	33	1476	1390	0.941734	0.874214	1924
b10a3a57-ea01-4972-8922-99af5750f76a	Escherichia_coli_16S_7	28	1507	0	1451	27	55	1424	1348	0.946629	0.895086	2004
5905c2d8-7b31-4075-8277-dd4b30f2a782	Listeria_monocytogenes_16S_1	28	1428	0	1406	42	36	1364	1312	0.961877	0.909847	2056
09334ed1-860c-4a00-8fac-21a71b43d5cf	Enterococcus_faecalis_16S_1	26	1526	0	1463	21	58	1442	1415	0.981276	0.930309	2392
ad90c533-11af-4186-a183-932982d5d7ea	*	-1	-1	-1	-1	-1	-1	-1	-1	-1	-1	-1
bf861940-2f7a-4f79-a83d-2bbe842d9204	Listeria_monocytogenes_16S_1	28	1511	0	1420	19	82	1401	1369	0.977159	0.911451	2172
f18d70a2-4b05-4f51-8e56-4d15c4519f9f	Lactobacillus_fermentum_16S_2	24	1544	3	1507	68	84	1436	1367	0.95195	0.860831	1769
8542423d-eefd-42de-9311-19b8670560f6	Salmonella_enterica_16S_4	21	1501	0	1476	27	31	1449	1424	0.982747	0.944924	2472
8f860bda-cea9-486a-8534-6b520549a1af	Listeria_monocytogenes_16S_6	28	1517	0	1455	21	55	1434	1386	0.966527	0.917881	2232
9fd99f8a-0f24-4fec-aaf4-ce9f7695b2b3	Bacillus_subtilis_16S_10	29	1518	0	1467	26	48	1441	1385	0.961138	0.914191	2186
333dce3e-b1e7-4056-8ed2-35d32ca00732	Pseudomonas_aeruginosa_16S_1	18	1494	1	1439	40	78	1398	1326	0.948498	0.87467	1828
75cc9a44-5095-49c5-98c4-0ca4570f99b1	Bacillus_subtilis_16S_3	32	1516	3	1468	65	84	1400	1316	0.94	0.84958	1646
87d19b8c-d52b-4d1f-a774-2d496a9fda1a	Enterococcus_faecalis_16S_4	26	1526	0	1459	29	70	1430	1392	0.973427	0.910399	2150
7d2637aa-e393-488a-a829-648ac7515f1e	*	-1	-1	-1	-1	-1	-1	-1	-1	-1	-1	-1
affdd182-6c30-46e0-9d69-57f028ffe898	Pseudomonas_aeruginosa_16S_2	232	1494	240	1503	34	33	1229	1171	0.952807	0.903549	1788
0815af31-9df3-4bc3-88a9-f8393dc24ee8	Bacillus_subtilis_16S_3	33	1518	0	1465	20	40	1445	1409	0.975087	0.936213	2366
808d02a8-58d8-412a-b2fd-465458246df3	Salmonella_enterica_16S_5	21	1490	0	1510	129	88	1381	1300	0.941347	0.813517	1465
cc88d339-618c-4ee6-ae2e-9d66e4a991c3	Listeria_monocytogenes_16S_3	31	1498	3	1435	32	67	1400	1299	0.927857	0.866578	1756
95bcf0ed-cb67-42ca-9a33-33813b03534c	Bacillus_subtilis_16S_5	29	1518	0	1491	41	39	1450	1413	0.974483	0.923529	2314
affe6a9a-f2af-49cf-8602-45294670f131	Salmonella_enterica_16S_5	24	1501	3	1486	53	47	1430	1275	0.891608	0.833333	1474
7a6beedb-1e9c-4c36-b698-94c708db988b	Lactobacillus_fermentum_16S_1	24	1536	3	1544	83	54	1458	1378	0.94513	0.86395	1871
a240f680-36c2-4206-aea2-66dc4a8f646f	*	-1	-1	-1	-1	-1	-1	-1	-1	-1	-1	-1
1e3e5c28-72b7-47ef-aace-ad0b3855f6ad	Escherichia_coli_16S_8	28	1500	0	1464	41	49	1423	1389	0.976107	0.918044	2230
66c46290-e798-43da-837b-c5b2eaf7132c	Salmonella_enterica_16S_3	24	1501	3	1466	54	68	1409	1287	0.913414	0.840627	1550
dfba461f-691b-4a81-9c90-bf28c50105af	Lactobacillus_fermentum_16S_1	21	1536	0	1498	44	61	1454	1392	0.957359	0.89288	2068
5b3c3850-10ce-417f-94ab-6a5c8f291048	Bacillus_subtilis_16S_8	32	1517	3	1454	48	82	1403	1279	0.911618	0.834312	1506
3639cbdb-3b50-4cdc-8656-767ba619503e	Enterococcus_faecalis_16S_1	29	1526	3	1494	47	53	1444	1325	0.91759	0.858161	1706
a3a9da71-8b5a-451a-96db-a868581af58e	Pseudomonas_aeruginosa_16S_1	22	1406	3	1356	58	89	1295	1152	0.889575	0.79889	1102
9089e39d-05c5-4d86-822c-3f7216a570ee	Enterococcus_faecalis_16S_2	26	1526	0	1548	87	39	1461	1378	0.94319	0.868305	1904
5086948f-49d3-44dc-aa1b-d3ad1293dc35	Salmonella_enterica_16S_5	21	1502	0	1446	19	54	1427	1368	0.958655	0.912	2142
fcb03324-0eb6-4cdf-95ba-cd7a18601b2a	*	-1	-1	-1	-1	-1	-1	-1	-1	-1	-1	-1
c2c90e25-fa34-4efa-83b5-6005326ee328	Lactobacillus_fermentum_16S_1	21	1536	0	1522	36	29	1486	1410	0.948856	0.909091	2222
9f47bbd6-7848-4fb5-b324-38da2a3a1305	Staphylococcus_aureus_16S_4	32	1520	3	1520	93	64	1424	1342	0.942416	0.84883	1722
54fcf51f-90ba-484b-9826-210c2b5cf426	Listeria_monocytogenes_16S_2	28	1514	0	1460	51	77	1409	1278	0.907026	0.83149	1488
10ba6063-e9db-47bf-84a2-da6db8a9d068	Staphylococcus_aureus_16S_6	29	1520	0	1478	45	58	1433	1383	0.965108	0.900391	2124
d4e6bc73-89d8-4f35-a471-4695331002dd	Salmonella_enterica_16S_3	21	1414	0	1370	49	72	1321	1269	0.960636	0.880028	1804
0aad6d86-90d4-4f63-9040-591ec2e6a8d7	Enterococcus_faecalis_16S_3	27	1526	0	1472	29	56	1443	1351	0.936244	0.884162	1952
a2bbbe12-9531-4cea-bf0b-2c07e8f40cd3	Enterococcus_faecalis_16S_2	37	1526	8	1463	39	73	1416	1288	0.909605	0.842932	1556
8064bc75-c553-4d72-b79c-5f17889a1445	Lactobacillus_fermentum_16S_1	21	1536	0	1476	17	56	1459	1416	0.970528	0.924282	2338
b68cf93f-e427-408e-a3b5-256a2d7d3598	Salmonella_enterica_16S_5	244	1500	228	1467	31	48	1208	1098	0.90894	0.853147	1378
b736eee3-faf1-4207-b162-c42d6452ffa3	Escherichia_coli_16S_2	28	1508	0	1466	49	63	1417	1342	0.947071	0.877698	1900
f02bab8a-8f2b-4394-ac32-c7f7e03b7be6	Escherichia_coli_16S_7	98	1508	91	1493	64	72	1338	1211	0.905082	0.821574	1318
25a4fab1-7195-4eb2-b339-3b563a5ef339	Staphylococcus_aureus_16S_3	29	1431	0	1366	36	72	1330	1233	0.927068	0.857441	1626
9289fb76-6a1f-40f8-800e-93c961e45261	Listeria_monocytogenes_16S_5	28	1509	0	1455	41	67	1414	1337	0.945545	0.878449	1878
5832f491-0235-46c0-9ed1-ad07d12f281c	*	-1	-1	-1	-1	-1	-1	-1	-1	-1	-1	-1
362bc4b6-efb9-4f05-a9d0-ed6ee140b393	Enterococcus_faecalis_16S_1	36	1526	11	1500	55	56	1434	1337	0.932357	0.865372	1800
3801887b-8e8f-47d3-b3d0-49454d242ae2	Staphylococcus_aureus_16S_4	29	1520	0	1487	46	50	1441	1365	0.947259	0.888094	1986
79e5c616-301a-4dbe-bd00-4679908c9735	Enterococcus_faecalis_16S_3	27	1526	0	1482	50	67	1432	1333	0.930866	0.860555	1760
b585d7df-0201-4275-9286-b53b1fa71cc1	Bacillus_subtilis_16S_4	29	1518	0	1458	42	73	1416	1345	0.949859	0.878511	1888
0a588f04-0b62-4d2b-a076-b9f965955ad6	Listeria_monocytogenes_16S_1	28	1517	0	1523	79	45	1444	1367	0.946676	0.871811	1918
9f704b74-8383-4ae5-9102-57da3bb6b165	Staphylococcus_aureus_16S_5	32	1520	3	1448	37	80	1408	1284	0.911932	0.841967	1550
89678ca2-46e4-46b8-9c08-af9eaefbae1b	Bacillus_subtilis_16S_10	30	1518	0	1419	22	91	1397	1326	0.949177	0.878146	1870
c78f6752-d725-4f26-a3e1-6f712ad04404	Enterococcus_faecalis_16S_2	27	1526	0	1460	25	64	1435	1376	0.958885	0.902887	2106
3056b7c7-ce65-4f43-a9b1-e272d8075199	Listeria_monocytogenes_16S_2	32	1517	0	1478	33	40	1445	1411	0.976471	0.929513	2328
8655e6bc-c32f-47fd-b9a2-f2f405cdaec5	Lactobacillus_fermentum_16S_1	269	1536	201	1476	74	66	1201	1121	0.933389	0.835943	1312
fd7d5e89-ec50-4fe5-bb6a-c5bb980e6905	Bacillus_subtilis_16S_1	29	1518	0	1477	39	51	1438	1377	0.95758	0.901178	2090
bf934c35-bb22-4f46-a870-bde430f4a113	Bacillus_subtilis_16S_5	29	1518	0	1468	31	52	1437	1387	0.965205	0.9125	2184
24f0df54-0f54-447a-95ee-5e9504e6e57d	Enterococcus_faecalis_16S_1	26	1526	0	1481	66	85	1415	1285	0.908127	0.820562	1428
