read_id	alignment_genome	alignment_genome_start	alignment_genome_end	alignment_strand_start	alignment_strand_end	alignment_num_insertions	alignment_num_deletions	alignment_num_aligned	alignment_num_correct	alignment_identity	alignment_accuracy	alignment_score
38c1b8d7-706c-4978-a542-d2750de1888c	Salmonella_enterica_16S_5	235	1501	220	1482	71	75	1191	1032	0.866499	0.771877	804
d30cfd8d-ab69-4a0e-8c09-9421802dd95d	Escherichia_coli_16S_7	242	1409	219	1366	28	48	1119	910	0.813226	0.761506	620
b5c9bd23-db67-43e4-b576-89f160abaf74	Staphylococcus_aureus_16S_1	305	1419	268	1359	61	84	1030	835	0.81068	0.710638	272
5aca859a-c4e0-4410-bcea-cd7a152c7384	Pseudomonas_aeruginosa_16S_2	19	1394	0	1367	70	78	1297	1124	0.866615	0.777855	916
68fb1a5f-0ce7-40b7-b1ed-d38a3c2f5c83	Enterococcus_faecalis_16S_1	259	1399	218	1357	68	69	1071	899	0.839402	0.744205	488
705135be-007e-4fea-ac0e-60320c17ca0e	Pseudomonas_aeruginosa_16S_3	21	1494	2	1418	39	96	1377	1165	0.846042	0.770503	925
988f0287-83e7-407f-b85f-9b8b1ec1d093	Pseudomonas_aeruginosa_16S_2	22	1406	3	1337	65	115	1269	1058	0.833727	0.730159	572
472b01d5-14c8-4719-8746-87862ea02a11	Bacillus_subtilis_16S_7	250	1518	206	1451	32	55	1213	1044	0.860676	0.803077	1038
991eb4a7-0d34-4bec-b876-2bdd8bf3b2b7	Enterococcus_faecalis_16S_3	259	1425	212	1347	59	90	1076	912	0.847584	0.74449	530
f04bca34-5de3-40da-adcc-701446f0a8c5	Listeria_monocytogenes_16S_2	28	1427	0	1345	80	134	1265	1094	0.864822	0.739689	624
ff4733e9-7cb0-4d9e-a2f2-0d17d7f157cc	Listeria_monocytogenes_16S_4	251	1416	206	1322	65	114	1051	852	0.810656	0.692683	222
9f260375-7520-4aba-960b-5c386704a0b6	Pseudomonas_aeruginosa_16S_4	226	1494	177	1398	40	87	1181	1015	0.859441	0.775994	832
78fa3fe7-8c55-4bca-9926-6a6970794be8	Staphylococcus_aureus_16S_3	28	1520	0	1448	50	94	1398	1213	0.867668	0.786641	1118
8b8b6711-6e65-4029-bffd-2efc144aa941	*	-1	-1	-1	-1	-1	-1	-1	-1	-1	-1	-1
ae0e48cc-5ced-438f-9ae9-119373fced9f	*	-1	-1	-1	-1	-1	-1	-1	-1	-1	-1	-1
006efc00-9809-425a-8455-59ccb33afe18	*	0	-1	-1	-1	-1	-1	-1	-1	-1	-1	-1
1b4e3e76-3a54-49c8-9cc8-6e7d71e532a5	Salmonella_enterica_16S_6	239	1403	197	1320	74	115	1049	852	0.812202	0.688207	162
6485e019-c64a-4180-bccd-77fffd6d93bd	Listeria_monocytogenes_16S_1	251	1428	212	1376	52	65	1112	938	0.843525	0.763222	658
5273acc6-9410-4233-8439-2b1d0013f342	Staphylococcus_aureus_16S_1	329	1419	294	1370	60	74	1016	833	0.819882	0.724348	374
c91d963a-5cbe-43e6-8df5-74dec66f77ab	*	0	-1	-1	-1	-1	-1	-1	-1	-1	-1	-1
52658a80-151f-4e38-a22d-cb0fa837fa19	Staphylococcus_aureus_16S_6	259	1431	214	1325	46	107	1065	873	0.819718	0.716749	324
f7173f21-b78c-4257-8b53-7be5751aa852	Pseudomonas_aeruginosa_16S_4	89	1494	78	1485	59	57	1348	1171	0.868694	0.799863	1086
7d42d058-a9cd-4f1f-8a80-701b39fed8cd	Escherichia_coli_16S_7	249	1508	213	1465	83	90	1169	959	0.820359	0.714605	336
963109b3-c3ea-49ac-995b-15f94657ab0e	Pseudomonas_aeruginosa_16S_4	223	1406	175	1338	39	59	1124	938	0.83452	0.767594	676
9fb6c015-7226-4694-ac68-aef2e80e1c0e	*	0	-1	-1	-1	-1	-1	-1	-1	-1	-1	-1
cdb2b96a-ad27-453b-8d12-6da066908155	Salmonella_enterica_16S_1	502	1501	446	1445	55	55	944	789	0.835805	0.748577	506
21c31437-cdcc-4fcf-b048-40bff429dd9e	Pseudomonas_aeruginosa_16S_3	19	1494	0	1473	46	48	1427	1249	0.875263	0.82117	1330
fdeda4a2-4b83-4589-abc2-b52037934fb3	Staphylococcus_aureus_16S_6	250	1419	196	1331	60	94	1075	875	0.813953	0.711961	298
ae0a56de-bef2-4359-b413-97cff3f75654	Enterococcus_faecalis_16S_3	259	1425	222	1354	48	82	1084	900	0.830258	0.741351	484
2cce3f48-9007-474a-abe3-94e7f0fdf544	Staphylococcus_aureus_16S_2	251	1520	202	1432	55	94	1175	963	0.819574	0.727341	468
85c13b9f-3a54-4726-93a3-675fbadbd89a	*	-1	-1	-1	-1	-1	-1	-1	-1	-1	-1	-1
1a132c5b-75cb-44c0-be8b-d65951e7a76e	Bacillus_subtilis_16S_7	28	1518	0	1498	41	33	1457	1367	0.938229	0.89288	2062
3bba3b59-f887-459a-81c8-4019958473b6	Escherichia_coli_16S_2	258	1409	239	1410	118	98	1053	877	0.832859	0.691095	249
51571ef9-ded6-41df-9daf-cfc6104c3427	Pseudomonas_aeruginosa_16S_3	226	1491	174	1454	72	57	1208	1047	0.866722	0.783096	872
7584123e-510b-4d1a-ab60-f6e6476da2a6	Salmonella_enterica_16S_1	256	1418	242	1399	69	74	1088	888	0.816176	0.721365	358
12bd142a-d78a-4d9e-af17-60187b575891	*	0	-1	-1	-1	-1	-1	-1	-1	-1	-1	-1
2286ccb7-7bd1-4728-836d-1db3664b0381	Listeria_monocytogenes_16S_3	251	1415	211	1386	60	49	1115	947	0.849327	0.773693	740
0852da23-e45f-4d31-99fc-14fcc2b4c316	*	-1	-1	-1	-1	-1	-1	-1	-1	-1	-1	-1
ce33b447-cf6b-459d-b999-bff1a6b3f713	Listeria_monocytogenes_16S_4	251	1421	205	1364	64	75	1095	925	0.844749	0.749595	544
78a8cb19-7105-45fe-9006-366688a302ce	*	-1	-1	-1	-1	-1	-1	-1	-1	-1	-1	-1
ff720b4e-7f05-42e3-ae63-353397cb79b9	Staphylococcus_aureus_16S_1	322	1419	288	1378	70	77	1020	840	0.823529	0.719794	330
0576ba1a-d80d-41d6-aa7f-11c7184749cc	Enterococcus_faecalis_16S_1	259	1526	219	1475	80	91	1176	973	0.827381	0.722346	472
4579c408-a394-4aa9-ba58-d69566855d68	*	-1	-1	-1	-1	-1	-1	-1	-1	-1	-1	-1
90c351e6-6b98-47f8-b330-511a809d5ad9	Pseudomonas_aeruginosa_16S_3	232	1494	224	1440	50	96	1166	970	0.831904	0.739329	564
729856b2-c952-419f-b01a-f99802959183	Salmonella_enterica_16S_4	244	1501	214	1420	57	108	1149	993	0.86423	0.755708	672
84d59066-2c4a-44d0-8f78-5f72c2ff2ff3	Listeria_monocytogenes_16S_1	224	1429	157	1344	59	77	1128	915	0.81117	0.723892	366
a7589ad9-a130-4e59-a2f2-995d27e07f8d	Bacillus_subtilis_16S_5	250	1516	218	1484	55	55	1211	1061	0.876135	0.803179	1030
9e9c0c21-16d3-47f3-861c-1d9caf782a6a	Pseudomonas_aeruginosa_16S_3	19	1494	0	1449	34	60	1415	1276	0.901767	0.845593	1564
9ce0278e-e1c3-4db5-8a91-3c558a39071b	Listeria_monocytogenes_16S_1	251	1416	207	1341	55	86	1079	907	0.840593	0.743443	540
ae3bc40a-90a1-41ef-9a60-aad730e3524e	Bacillus_subtilis_16S_2	240	1516	176	1405	27	74	1202	1081	0.899334	0.829624	1244
d032c392-9646-449a-8adb-ed0c0b20d5e1	Staphylococcus_aureus_16S_5	320	1419	282	1356	55	80	1019	842	0.8263	0.729636	410
e428c5c6-b4aa-45d4-ad28-6e2f51a75911	*	-1	-1	-1	-1	-1	-1	-1	-1	-1	-1	-1
821285e7-6c42-464e-b6ab-ef418fa1c368	Enterococcus_faecalis_16S_3	259	1425	209	1344	51	82	1084	914	0.843173	0.751027	534
5cf49e24-659d-407e-9f2b-49302da52b26	*	-1	-1	-1	-1	-1	-1	-1	-1	-1	-1	-1
c246a3b0-f524-417e-b131-58197ad75fc1	Staphylococcus_aureus_16S_4	251	1520	199	1411	43	100	1169	1053	0.90077	0.802591	1024
b95b1b31-b35f-45cf-9add-9a4f554e1edb	Enterococcus_faecalis_16S_2	311	1425	263	1383	60	54	1060	883	0.833019	0.752129	562
83c65609-8b1d-4ccc-858e-f3655da0919f	Staphylococcus_aureus_16S_6	250	1419	202	1363	65	73	1096	905	0.82573	0.733387	422
d176068b-c9a3-4177-9f9e-2e398fa9624f	Staphylococcus_aureus_16S_5_rc	251	1431	287	1429	61	99	1081	942	0.871415	0.759065	684
36c53eae-ead5-45b0-9585-0a40a8632539	Pseudomonas_aeruginosa_16S_1	231	1492	226	1471	59	75	1186	1020	0.860034	0.772727	804
09b3fd46-1693-4a79-bff4-3c4868de256a	Pseudomonas_aeruginosa_16S_2	227	1406	189	1321	37	84	1095	929	0.848402	0.76398	664
7f0bbc5b-53ae-4ce2-8be3-eb59e93d5966	Pseudomonas_aeruginosa_16S_2	227	1494	176	1386	42	99	1168	996	0.85274	0.760886	710
32ec9a54-aa7e-468b-a906-e8d4b1faf88a	*	-1	-1	-1	-1	-1	-1	-1	-1	-1	-1	-1
144958aa-a6b5-491e-8516-a59bfc2da96c	Staphylococcus_aureus_16S_2	251	1431	212	1325	40	107	1073	891	0.830382	0.730328	468
93145dc4-a348-4adc-a990-e7a65ff4f0b7	Bacillus_subtilis_16S_7	149	1495	213	1560	43	42	1304	1094	0.838957	0.787617	946
8ddfe28a-c219-4563-9aa6-8e562a1a52f4	Enterococcus_faecalis_16S_4	276	1437	222	1363	51	71	1090	918	0.842202	0.757426	616
f2ac2af0-c5a6-47b0-b56f-07f8e0b7e0d5	Salmonella_enterica_16S_5	236	1418	194	1335	58	99	1083	880	0.812558	0.709677	274
d26f2d41-2337-4e71-be88-1035c1abb978	Enterococcus_faecalis_16S_1	313	1425	256	1320	43	91	1021	847	0.829579	0.733333	454
033978d5-2d36-4ad0-906b-b5ebcc83d737	Staphylococcus_aureus_16S_1	320	1419	279	1340	38	76	1023	826	0.807429	0.726473	384
79ff1316-45f3-49f7-9aee-4943566506cc	Salmonella_enterica_16S_3	234	1414	210	1351	33	72	1108	896	0.808664	0.738664	498
d288ee41-f1fe-471b-886c-bcde07dea88c	Pseudomonas_aeruginosa_16S_1	212	1494	171	1422	32	63	1219	1046	0.85808	0.796043	970
6f7020ae-c317-4a20-9fe6-0b3dfef3289d	Staphylococcus_aureus_16S_2	32	1424	3	1339	44	100	1292	1104	0.854489	0.768802	907
520bd97b-ad27-4d5a-b52c-9f460d9d1964	*	0	-1	-1	-1	-1	-1	-1	-1	-1	-1	-1
9f48b2cf-63a1-4a0f-88c5-dcc38ddcf839	*	-1	-1	-1	-1	-1	-1	-1	-1	-1	-1	-1
f82361fb-3f3c-45d1-9aaf-2f113d96aa3e	*	0	-1	-1	-1	-1	-1	-1	-1	-1	-1	-1
d542089d-7833-4292-bc1e-d3f44ccd88ce	*	0	-1	-1	-1	-1	-1	-1	-1	-1	-1	-1
744bc01c-7c3d-4219-a941-f6ecab7c6868	Bacillus_subtilis_16S_3	233	1518	194	1459	22	42	1243	1028	0.827031	0.786534	892
315167f8-a519-4452-a543-11943ff2bdf3	*	-1	-1	-1	-1	-1	-1	-1	-1	-1	-1	-1
19b5a7f5-b3dc-492f-9eff-ca266c4a721d	Pseudomonas_aeruginosa_16S_1	22	1492	3	1398	50	125	1345	1161	0.863197	0.763816	892
b518234e-6aeb-4cd5-b8bb-27cd7f70d0bd	Pseudomonas_aeruginosa_16S_1	20	1494	0	1459	34	49	1425	1257	0.882105	0.833554	1440
67d7ebb4-d887-443e-b2fa-6b724a05dee7	*	-1	-1	-1	-1	-1	-1	-1	-1	-1	-1	-1
ec4090c1-0c31-415d-9e8f-e4eb8765b93e	*	0	-1	-1	-1	-1	-1	-1	-1	-1	-1	-1
cbe85dd5-e517-47c9-a71a-2a53547f5295	Staphylococcus_aureus_16S_1	251	1419	217	1337	51	99	1069	868	0.811974	0.712059	296
a53025d0-9229-4a45-a2d6-b1687cd3f7ec	*	0	-1	-1	-1	-1	-1	-1	-1	-1	-1	-1
108462ba-4b5f-4dad-8792-c2642edb0ec2	Staphylococcus_aureus_16S_6	255	1520	229	1466	61	89	1176	972	0.826531	0.733032	560
4a910752-0a44-47f7-a1e8-7a2cb04d419b	Enterococcus_faecalis_16S_2	259	1437	204	1376	65	71	1107	931	0.841012	0.748994	550
bcaa1387-3907-4810-8ebd-6077bd2b641e	Enterococcus_faecalis_16S_2	30	1433	4	1387	71	91	1312	1092	0.832317	0.740841	644
8e1bcbd5-e763-493f-8219-1013cb0539dc	Staphylococcus_aureus_16S_1	322	1520	291	1463	68	94	1104	910	0.824275	0.718799	360
b036ea5b-ebc3-4841-9fac-bd50232a9176	Staphylococcus_aureus_16S_1	320	1418	276	1347	67	94	1004	829	0.825697	0.711588	288
8d6ea119-99d2-4636-bea5-4aa92d4d9c5a	Listeria_monocytogenes_16S_2	251	1416	217	1354	54	82	1083	903	0.833795	0.740771	478
f67fadab-1841-4e28-a7b3-fc4c269661de	Salmonella_enterica_16S_5	235	1418	210	1381	35	47	1136	917	0.807218	0.752874	570
2313529d-16b0-4cbb-b697-5a05985da0e8	Salmonella_enterica_16S_3	21	1501	0	1446	34	68	1412	1329	0.941218	0.877807	1850
2a0fac83-89f1-480a-8d2a-060a0372628a	Listeria_monocytogenes_16S_6	258	1416	225	1351	51	83	1075	891	0.828837	0.736973	466
d7adfe06-5f9e-4b19-8b99-869b994d4ebb	Staphylococcus_aureus_16S_6	320	1419	293	1383	66	75	1024	838	0.818359	0.719313	398
dbfa6cf7-0a27-441a-9c4a-b93e65fad63b	Enterococcus_faecalis_16S_2	259	1422	213	1350	58	84	1079	912	0.845227	0.746929	520
a3a39fb3-3d06-4de6-bfd4-dd10f51138ac	Escherichia_coli_16S_3	242	1508	220	1488	63	61	1205	981	0.814108	0.738149	558
bdbd64e7-309c-4a2d-969c-21f3aad59a1d	*	0	-1	-1	-1	-1	-1	-1	-1	-1	-1	-1
8c811aaa-cdaa-4745-8f39-b8cf2260c8ed	Enterococcus_faecalis_16S_2	107	1526	78	1455	41	83	1336	1133	0.848054	0.776027	910
a207180a-95b9-40c3-b3a7-47bb9ad49ce5	Pseudomonas_aeruginosa_16S_4	227	1494	217	1448	47	83	1184	986	0.83277	0.750381	676
eedc3d9b-c1f5-444b-89e3-722a1cca5715	*	0	-1	-1	-1	-1	-1	-1	-1	-1	-1	-1
d03bbd03-0d8f-4755-9220-fab5e8c91236	Staphylococcus_aureus_16S_1	320	1419	279	1352	62	88	1011	833	0.823937	0.717485	342
822c2783-1e8e-49e8-8b99-e0735213ca90	Salmonella_enterica_16S_5	235	1501	221	1503	79	63	1203	984	0.817955	0.731598	496
2f3e5f96-523e-4a95-a58f-0efda772e302	Listeria_monocytogenes_16S_2	28	1517	0	1442	37	84	1405	1250	0.88968	0.819135	1390
cacc6f40-c535-44f0-b5b6-f6126f29ba85	Staphylococcus_aureus_16S_2	251	1517	212	1455	73	96	1170	975	0.833333	0.728155	524
4010d5cf-08ce-4fcb-9d6f-f12e4771a0b0	Pseudomonas_aeruginosa_16S_1	223	1406	207	1367	55	78	1105	907	0.820814	0.732633	476
200d1b14-3db4-4dde-bd8f-cf1f13048909	Listeria_monocytogenes_16S_3	234	1517	198	1476	57	62	1221	1067	0.873874	0.796269	1024
e2af5f58-1e74-4766-9bcf-3c118d980bfa	Pseudomonas_aeruginosa_16S_1	23	1396	5	1345	55	88	1285	1086	0.845136	0.760504	770
ba0b1327-0fbc-40f4-8574-81e6d70d9006	Escherichia_coli_16S_2	305	1417	263	1323	39	91	1021	844	0.826641	0.733275	440
cca367a9-7824-4099-a171-431dde29a262	Salmonella_enterica_16S_1	266	1501	241	1465	50	61	1174	998	0.850085	0.776654	802
377ce78f-9416-4551-b39b-792fd0c5b5ef	Listeria_monocytogenes_16S_5	235	1517	169	1429	59	81	1201	1020	0.849292	0.760626	732
aadc1c31-91d7-4971-a44d-35529031a604	Listeria_monocytogenes_16S_6	46	1415	19	1379	80	89	1280	1063	0.830469	0.733609	516
6d5babd9-52d0-47fb-9eee-bb41c3f2d8f2	Enterococcus_faecalis_16S_1	259	1425	210	1357	62	81	1085	921	0.848848	0.75	556
79f2c94f-01f1-44f9-8371-4812048c24de	Listeria_monocytogenes_16S_1	235	1416	194	1370	56	61	1120	944	0.842857	0.763137	682
44644b0c-0816-4fb6-881b-4a2d98f75e08	Enterococcus_faecalis_16S_2	328	1425	277	1338	37	73	1024	853	0.833008	0.752205	538
9774d8ae-12da-4612-a504-a599e9adcb73	Listeria_monocytogenes_16S_5	307	1517	267	1446	29	60	1150	976	0.848696	0.787732	850
593e3591-32c6-4870-b125-3e13ba75312b	Salmonella_enterica_16S_5	23	1501	2	1490	113	103	1375	1105	0.803636	0.694532	242
74febf3b-17b2-42b8-99aa-28864ca422ae	Bacillus_subtilis_16S_3	257	1417	221	1376	59	64	1096	899	0.820255	0.73749	452
ad687eea-010b-4218-8933-47b70cbcf6e1	*	-1	-1	-1	-1	-1	-1	-1	-1	-1	-1	-1
44a0b530-17b9-4897-85d8-e46f8d232eeb	Pseudomonas_aeruginosa_16S_1	19	1494	0	1492	58	41	1434	1215	0.84728	0.792564	1104
2d270af0-710a-475a-981a-e3e34e365e9a	Pseudomonas_aeruginosa_16S_3	18	1494	0	1453	50	73	1403	1224	0.872416	0.802097	1146
a93e9651-38a2-4eda-a1d7-4dba7f9f3d26	Staphylococcus_aureus_16S_6	251	1431	209	1387	59	61	1119	950	0.848972	0.766747	708
7010ada4-78b5-498a-9b22-f164b7af0628	Enterococcus_faecalis_16S_3	107	1526	85	1469	45	80	1339	1143	0.853622	0.780738	960
7e4fe962-2667-4bae-8123-ac75e88b1daa	Listeria_monocytogenes_16S_1	251	1428	214	1376	51	66	1111	924	0.831683	0.752443	570
da1a1dee-c6b0-43c6-9878-6ef13e73808e	Pseudomonas_aeruginosa_16S_1	19	1494	0	1459	40	56	1419	1231	0.867512	0.812541	1262
0e5b1879-d3a1-4aa7-ba82-f5b805a57b96	Listeria_monocytogenes_16S_5	251	1517	214	1448	43	75	1191	958	0.804366	0.731856	472
54bb79ea-019a-47b1-8a35-70ba0d79bdd4	Pseudomonas_aeruginosa_16S_1	127	1394	105	1360	48	60	1207	1026	0.850041	0.780228	824
112d2a90-8bd6-4504-900b-943fdb75f58f	Enterococcus_faecalis_16S_4	262	1425	207	1345	52	77	1086	911	0.838858	0.749794	556
246ac2a2-8650-41e5-b986-43677dd9750d	Enterococcus_faecalis_16S_1	259	1405	218	1336	67	95	1051	873	0.830638	0.719703	362
52851395-ce62-4477-8ffd-4bbc01a4e41f	Pseudomonas_aeruginosa_16S_4	21	1411	2	1384	60	68	1322	1130	0.854766	0.77931	896
957a2106-8445-4b88-b950-9e49cf2c9345	Pseudomonas_aeruginosa_16S_1	232	1494	187	1403	47	93	1169	996	0.85201	0.760886	716
6b977b01-74bb-4397-81db-0682348f0a8b	Escherichia_coli_16S_1	242	1508	221	1508	99	78	1188	979	0.824074	0.717216	376
62d12bce-0d2b-445e-93b4-1607cf0d68ba	Enterococcus_faecalis_16S_4	29	1526	3	1424	52	128	1369	1130	0.82542	0.729503	588
5e600e8c-45b7-410a-8bf5-165061f7de7c	Salmonella_enterica_16S_2	252	1500	247	1512	81	64	1184	955	0.806588	0.718585	376
5c485f1a-4a1b-401b-a7b5-c9f809bbc555	Pseudomonas_aeruginosa_16S_1	227	1411	177	1332	55	84	1100	934	0.849091	0.753834	611
f36ce9b7-5d96-4482-aecd-6f994f759a42	Staphylococcus_aureus_16S_2	253	1520	223	1465	72	97	1170	976	0.834188	0.728902	490
d6ad0334-dc92-4de3-bd10-7fa569131050	*	-1	-1	-1	-1	-1	-1	-1	-1	-1	-1	-1
44d07418-6d9c-4066-950e-3eb4d5a68b7e	*	0	-1	-1	-1	-1	-1	-1	-1	-1	-1	-1
de756fb1-c1f0-4ef9-9ccf-493c2c5f7360	*	-1	-1	-1	-1	-1	-1	-1	-1	-1	-1	-1
4d677ad0-eac0-48d7-afaa-b7f72c84434f	*	-1	-1	-1	-1	-1	-1	-1	-1	-1	-1	-1
71b37979-3850-4e18-910e-5c68d092a2bb	Listeria_monocytogenes_16S_4	29	1517	1	1487	62	64	1424	1273	0.893961	0.82129	1402
16f85d04-ae70-49d2-a98b-14fedc9b7169	Listeria_monocytogenes_16S_6	251	1416	213	1372	82	88	1077	909	0.844011	0.728949	450
39b2cd79-f482-4e0c-8862-055cdc8ee457	*	0	-1	-1	-1	-1	-1	-1	-1	-1	-1	-1
77144d60-c997-4f29-99d4-e3de2215010e	*	0	-1	-1	-1	-1	-1	-1	-1	-1	-1	-1
c95f9a4c-32d0-4c65-9820-a2c7a16468cf	Enterococcus_faecalis_16S_4	259	1424	213	1347	52	83	1082	925	0.854898	0.760066	624
0815323a-3ddf-4ffb-8d48-ad53b66344f6	Pseudomonas_aeruginosa_16S_1	228	1494	210	1485	64	55	1211	1022	0.843931	0.768421	730
d4b2febe-9092-4c1f-8782-6d9ba3a63a3f	*	-1	-1	-1	-1	-1	-1	-1	-1	-1	-1	-1
77640023-c91a-46db-a60b-c1a10b69eb25	Listeria_monocytogenes_16S_6	251	1416	209	1361	52	65	1100	914	0.830909	0.751027	582
674c49f9-8610-470e-8f86-d07931bc05bc	Listeria_monocytogenes_16S_5	251	1416	215	1410	105	75	1090	891	0.817431	0.701575	230
344c4eb3-2814-4322-bd89-37e05349f50b	Pseudomonas_aeruginosa_16S_3	227	1485	209	1444	63	86	1172	980	0.836177	0.741862	606
d2fb2a80-2cea-4230-9301-9f807fa6b65c	Listeria_monocytogenes_16S_3	29	1517	1	1410	33	112	1376	1263	0.917878	0.830375	1496
3e4678da-a980-4425-91da-c79be49e0059	Salmonella_enterica_16S_2	235	1501	212	1457	60	81	1185	964	0.813502	0.726999	446
9d8be99e-f6ba-423c-85a3-4af349d32932	Enterococcus_faecalis_16S_4	259	1425	213	1367	45	57	1109	922	0.83138	0.761354	636
c656ac5b-a313-450d-b96b-e78ff734c167	Staphylococcus_aureus_16S_5	251	1415	213	1349	43	71	1093	903	0.826167	0.748136	586
f090d248-f173-49cc-b564-f22de5776c87	Escherichia_coli_16S_8	246	1508	205	1458	62	71	1191	982	0.824517	0.741692	538
65555e6c-bb6c-4d6c-aa85-383c0766028e	Staphylococcus_aureus_16S_1	246	1419	221	1409	79	64	1109	908	0.818756	0.72524	410
188c86f6-3364-4ffd-b735-cbfe25783a10	Staphylococcus_aureus_16S_3	251	1436	210	1354	34	75	1110	926	0.834234	0.759639	674
244e1b71-a9dc-4da8-b305-2ee0d79c34ee	*	-1	-1	-1	-1	-1	-1	-1	-1	-1	-1	-1
0d275b86-c323-483a-9eeb-a9aa5cd66dde	*	-1	-1	-1	-1	-1	-1	-1	-1	-1	-1	-1
2ba2b13d-fd6a-414e-bef5-408b1d661b11	Pseudomonas_aeruginosa_16S_4	21	1494	2	1431	57	101	1372	1166	0.849854	0.762092	844
622046c6-dcd1-480b-ab21-49ed2ad021b0	Escherichia_coli_16S_3	245	1416	225	1386	60	70	1101	880	0.799273	0.714866	300
5564279b-2b0c-4445-973e-afd008241ad8	Pseudomonas_aeruginosa_16S_4	223	1482	312	1573	68	66	1193	1026	0.860017	0.773173	804
0eb6de3e-591f-4a56-8ecd-a6480951ad48	Bacillus_subtilis_16S_2	319	1518	270	1425	51	95	1104	914	0.827899	0.7312	508
07e599d1-5270-48ac-8ca9-b745a934b786	Pseudomonas_aeruginosa_16S_1	27	1494	2	1453	29	45	1422	1307	0.919128	0.873663	1822
91cdc016-a5a0-4601-a3e5-025201a9b37f	Staphylococcus_aureus_16S_6	250	1419	206	1353	45	67	1102	903	0.819419	0.743822	502
0735fd37-56c8-4cc2-a2a9-565b22ceafd4	*	-1	-1	-1	-1	-1	-1	-1	-1	-1	-1	-1
6bd3d2c9-1010-4b5d-85ee-cdcb86ab607b	Enterococcus_faecalis_16S_3	258	1526	208	1443	41	74	1194	1004	0.840871	0.766998	706
c921ff30-2619-4bc0-afff-57ca44220486	*	-1	-1	-1	-1	-1	-1	-1	-1	-1	-1	-1
c481d6be-bb08-402c-8753-7f9c3974b487	*	0	-1	-1	-1	-1	-1	-1	-1	-1	-1	-1
d03d779a-2c38-4b23-b51d-998395d7068e	Bacillus_subtilis_16S_2	243	1429	294	1432	39	87	1099	894	0.813467	0.729796	464
e2b23c1a-d33d-4280-aade-f11aa43e6398	Bacillus_subtilis_16S_5	250	1392	214	1337	63	82	1060	866	0.816981	0.718672	298
040703ef-f54a-4d30-940c-add5c93e956b	Escherichia_coli_16S_4	298	1421	267	1362	42	70	1053	865	0.821463	0.742489	458
10a39ddf-0367-4675-8d18-711d1866d444	Pseudomonas_aeruginosa_16S_4	19	1494	0	1450	42	67	1408	1238	0.879261	0.816084	1294
23b943f7-db74-4a14-90c5-7f1834a9fca4	*	-1	-1	-1	-1	-1	-1	-1	-1	-1	-1	-1
60f89e4e-7b56-412a-81cb-11bab7c8fac3	Enterococcus_faecalis_16S_1	259	1526	202	1432	40	77	1190	993	0.834454	0.759755	672
5f96b0c3-627f-4f98-ad1e-9439be75847a	Staphylococcus_aureus_16S_1	322	1419	283	1377	63	66	1031	842	0.816683	0.725862	374
33c36173-bfe4-4750-9887-e5bf8edb08a3	Pseudomonas_aeruginosa_16S_4	234	1490	218	1447	54	81	1175	959	0.81617	0.732061	480
76feb5c4-183c-41a4-9b6a-3282be15a9be	*	0	-1	-1	-1	-1	-1	-1	-1	-1	-1	-1
f778d536-5d64-4685-b944-c63218d755ab	*	0	-1	-1	-1	-1	-1	-1	-1	-1	-1	-1
71f02ade-90ad-40e0-97b9-af9d77d572e0	Pseudomonas_aeruginosa_16S_3	19	1378	0	1341	66	84	1275	1067	0.836863	0.748772	614
d69b2889-1b55-4a42-9668-c67e185c394e	*	-1	-1	-1	-1	-1	-1	-1	-1	-1	-1	-1
cc56fa92-9849-4d20-a282-d38480852414	Enterococcus_faecalis_16S_3	259	1425	209	1334	37	78	1088	921	0.846507	0.765586	660
0d8bd65b-28ec-4df2-8f58-18291f54ec00	Staphylococcus_aureus_16S_3	320	1421	283	1373	54	65	1036	854	0.824324	0.739394	474
a1677b83-2a33-4403-b1bb-1bf341464306	*	0	-1	-1	-1	-1	-1	-1	-1	-1	-1	-1
8fcb5193-f17b-4add-a7bb-9e17bab8c66d	Enterococcus_faecalis_16S_2	259	1437	214	1361	39	70	1108	927	0.836643	0.761709	608
f3d0f922-eb6e-4c0f-8ba2-7020f14e2481	Enterococcus_faecalis_16S_1	259	1425	219	1375	60	70	1096	914	0.833942	0.745514	492
0ea8005b-ac7c-4fd0-adbb-3185fbe416cd	Listeria_monocytogenes_16S_6	251	1428	213	1353	42	79	1098	920	0.837887	0.754717	594
cdd070ea-d7b1-4bac-a4a3-5e0351eb914f	Enterococcus_faecalis_16S_1	259	1437	208	1360	59	85	1093	917	0.838975	0.74131	498
08c9669c-ed7e-4113-9fdf-3fdbb76aa1d1	Bacillus_subtilis_16S_9	302	1518	267	1481	46	48	1168	1031	0.882705	0.816957	1098
6710a511-db93-4360-8332-2e6f1ff89c1f	Staphylococcus_aureus_16S_1	246	1419	209	1361	48	69	1104	906	0.820652	0.742015	490
0bcaa453-237c-41fd-b863-b06fe48ade4b	Enterococcus_faecalis_16S_2	265	1425	218	1364	58	72	1088	911	0.837316	0.747947	538
7055fa02-68e4-489a-bdcb-36c5454295a1	Pseudomonas_aeruginosa_16S_1	19	1494	0	1431	58	102	1373	1197	0.871814	0.780822	958
54e7ed9f-b714-4bae-8fe4-f8ea6b089d90	*	0	-1	-1	-1	-1	-1	-1	-1	-1	-1	-1
75bcbe9e-06f7-4831-8511-acc0d8ddec16	*	-1	-1	-1	-1	-1	-1	-1	-1	-1	-1	-1
c26891aa-a700-4767-9fc0-f905302d5907	Enterococcus_faecalis_16S_1	259	1425	213	1357	38	60	1106	910	0.822785	0.755814	596
16a72fd8-32fc-4dbd-b882-506f7cc06199	*	-1	-1	-1	-1	-1	-1	-1	-1	-1	-1	-1
4fd2e88c-949d-4bde-b0cc-17d453389a38	Staphylococcus_aureus_16S_6	255	1520	215	1427	63	116	1149	958	0.833768	0.721386	438
99cb72ec-cbf9-4f5d-9a3a-61781bd5e8da	*	0	-1	-1	-1	-1	-1	-1	-1	-1	-1	-1
7c91fe16-063d-48c0-ad6e-567b7d510093	Enterococcus_faecalis_16S_2	259	1442	214	1383	57	71	1112	932	0.83813	0.751613	564
926059ba-af72-4977-adab-33981d596f22	Staphylococcus_aureus_16S_2	251	1429	214	1372	57	77	1101	916	0.831971	0.7417	556
dcc37a94-f114-4942-9824-dc680e03dacd	Listeria_monocytogenes_16S_4	322	1517	284	1443	37	73	1122	972	0.86631	0.788961	868
b1bbcf64-22d2-493c-bf25-6fd47fc9e693	Enterococcus_faecalis_16S_2	265	1425	220	1399	80	61	1099	908	0.826206	0.732258	430
48879caa-21f3-4e1a-9e52-2f322d5375c4	Pseudomonas_aeruginosa_16S_2	21	1401	2	1319	68	131	1249	1025	0.820657	0.707873	380
a8738227-2b90-48c3-ad5d-ddfa411ba5be	*	0	-1	-1	-1	-1	-1	-1	-1	-1	-1	-1
e3ac37fb-8ec9-48cc-b7fc-23224aead931	Salmonella_enterica_16S_5	20	1409	0	1363	77	103	1286	1057	0.821928	0.72101	426
f01c0884-4eb1-4c02-a68b-8b916a6f0405	Escherichia_coli_16S_4	243	1417	206	1377	71	74	1100	913	0.83	0.733333	476
9adaab33-5e58-4fe7-8ef1-dc3506797f0b	Bacillus_subtilis_16S_3	253	1417	202	1364	63	65	1099	890	0.809827	0.725346	368
68277ca6-633a-42a1-b1cf-2a44950dd319	Pseudomonas_aeruginosa_16S_2	227	1399	221	1420	71	44	1128	938	0.83156	0.754626	606
c5ca7869-f6a1-4ab1-bc8e-ed18df464eaa	Pseudomonas_aeruginosa_16S_2	227	1494	219	1434	53	105	1162	972	0.836489	0.736364	512
f5a834b7-d2fe-48ed-b2b2-e21d2a9c5269	Enterococcus_faecalis_16S_1	265	1425	216	1353	44	67	1093	911	0.833486	0.756645	580
79e7c40a-bab6-41fb-b467-16a0e115ef5b	Salmonella_enterica_16S_3	236	1409	208	1360	41	62	1111	895	0.805581	0.737232	432
05fd13d9-1b8e-43ad-8214-ee575fd1b465	Pseudomonas_aeruginosa_16S_2	19	1494	0	1448	42	69	1406	1300	0.924609	0.856955	1702
8cce8d8d-78b1-4956-b9e1-3b41350ca4a3	Salmonella_enterica_16S_1	491	1501	446	1441	64	79	931	787	0.845328	0.732775	408
f4cc64db-b5aa-41ea-a677-b01867784ca0	*	-1	-1	-1	-1	-1	-1	-1	-1	-1	-1	-1
317cbebc-25bd-459d-ad51-734eec80e187	Escherichia_coli_16S_4	28	1508	0	1423	45	102	1378	1165	0.845428	0.763934	872
06728ef5-ec34-4b39-b840-3b71c63709e6	Pseudomonas_aeruginosa_16S_1	239	1406	226	1398	48	43	1124	917	0.815836	0.754732	588
94f382d7-0a20-4643-8c8b-cc2b1dcc4e8f	Staphylococcus_aureus_16S_1	251	1431	223	1401	77	79	1101	928	0.84287	0.738266	540
188829d5-18e3-47a9-8f22-eea08178ada4	Staphylococcus_aureus_16S_1	320	1419	285	1359	66	91	1008	829	0.822421	0.711588	316
5b4a0a63-496d-44e8-aef7-df0310bae2b9	Pseudomonas_aeruginosa_16S_3	19	1494	0	1441	38	72	1403	1236	0.880969	0.81692	1316
c569ecb6-9a17-4dd1-81fa-c0ce37332cd8	Escherichia_coli_16S_4	305	1409	290	1417	65	42	1062	864	0.813559	0.739093	502
35bb6ff3-0d09-44e5-9b89-86cc8cd54c75	Enterococcus_faecalis_16S_1	261	1437	211	1336	44	95	1081	923	0.853839	0.756557	592
f8070dcd-da9e-4793-99f3-8e2323b04cfb	Bacillus_subtilis_16S_2	304	1417	290	1410	67	60	1053	875	0.830959	0.741525	504
94c954be-8dc7-4008-a3ae-96c2b5ac0fa0	Enterococcus_faecalis_16S_3	259	1437	209	1374	64	77	1101	919	0.834696	0.739936	496
3b114303-792b-485e-b5dc-0dd5266963b2	Escherichia_coli_16S_4	249	1419	209	1361	75	93	1077	860	0.798514	0.690763	152
c0da26ff-ad63-4aaa-a5aa-b4088a3e2973	Bacillus_subtilis_16S_5	256	1430	221	1355	57	97	1077	910	0.84494	0.739236	492
e6f5968f-0e83-43dc-bece-8b8088d52135	Enterococcus_faecalis_16S_4_rc	260	1425	304	1445	67	91	1074	889	0.827747	0.721591	330
3cf21abd-3033-4309-9d71-8388c4eac604	Salmonella_enterica_16S_5	252	1501	200	1424	45	70	1179	1004	0.851569	0.775889	826
18d8c129-2d6c-4e1d-9ff3-bfb521229e9d	Staphylococcus_aureus_16S_5	250	1419	229	1357	59	100	1069	894	0.836296	0.728013	466
256a6eac-0f71-40ce-877e-8c6d80fe3ef0	Enterococcus_faecalis_16S_3	259	1421	208	1328	49	91	1071	897	0.837535	0.74071	466
9d0a451d-1703-4efd-896a-72596cce53c3	Pseudomonas_aeruginosa_16S_3	234	1494	197	1427	50	80	1180	1010	0.855932	0.770992	808
ace58897-23c2-442f-a0a6-c069640b8dc6	*	-1	-1	-1	-1	-1	-1	-1	-1	-1	-1	-1
1f28f44c-039a-4e13-a010-6695c5676596	Pseudomonas_aeruginosa_16S_3	296	1494	256	1462	63	55	1143	964	0.843395	0.764473	664
3dc25769-4d66-4cb4-9696-5f2e10b5882d	Enterococcus_faecalis_16S_3	259	1425	214	1358	56	78	1088	905	0.831801	0.740589	510
38fdb286-dd2f-40fe-8af8-6d270d5292a3	Listeria_monocytogenes_16S_4	235	1448	164	1347	52	82	1131	978	0.864721	0.773123	804
a03b923d-6400-420b-bb46-1dec8c61216b	Escherichia_coli_16S_3	28	1417	0	1372	46	63	1326	1093	0.824284	0.761672	772
8ce2395d-a15a-4857-a633-2959264881da	Bacillus_subtilis_16S_8	250	1518	182	1450	57	57	1211	1070	0.883567	0.807547	1141
4dff42a5-d0de-4f18-8e1e-f521a946a8e0	Listeria_monocytogenes_16S_5	251	1399	206	1332	58	80	1068	882	0.825843	0.731343	436
086e816f-bedb-48e8-a29d-4cd4221542bd	Pseudomonas_aeruginosa_16S_4	211	1494	304	1544	35	78	1205	1057	0.877178	0.801973	1040
79647c90-65be-4a54-a441-c0a9e8020b46	Salmonella_enterica_16S_1	21	1414	0	1373	49	69	1324	1118	0.844411	0.775312	856
4ef38c3b-e367-4ab8-966f-60ba8ac20167	Salmonella_enterica_16S_1	25	1501	4	1455	76	101	1375	1174	0.853818	0.756443	870
1929a4e6-4158-4b43-b64f-5c442dc3ee74	Escherichia_coli_16S_2	290	1417	273	1438	80	42	1085	886	0.81659	0.734051	484
3f1d619d-1dce-4063-b966-fc5174a0f8fa	Salmonella_enterica_16S_2	235	1207	202	1082	26	118	854	692	0.810304	0.693387	172
e7c82775-f052-4061-a812-32512e0e8576	Salmonella_enterica_16S_1	235	1401	217	1345	57	95	1071	876	0.817927	0.716271	364
a9c32c84-c9ea-4b71-bb28-9e824e49e5e0	Bacillus_subtilis_16S_2	32	1518	3	1443	63	109	1377	1207	0.876543	0.779212	1022
f2c1caff-643b-4ae7-a6ad-cf31978847f9	Staphylococcus_aureus_16S_1	320	1419	284	1386	67	64	1035	849	0.82029	0.72813	404
37c00ce8-c9ca-4c7c-a3b9-e453e7c0b192	Enterococcus_faecalis_16S_1	265	1424	216	1351	53	77	1082	909	0.840111	0.75	546
266e1723-3cd5-4081-b1ee-4170befb4e9b	Listeria_monocytogenes_16S_5	257	1517	206	1470	66	62	1198	1005	0.838898	0.757919	670
21c6d5c3-615d-40c2-b751-90c52733c9fe	Pseudomonas_aeruginosa_16S_3	211	1494	170	1394	49	108	1175	1020	0.868085	0.765766	738
f4ecf59d-5296-4e98-98f5-585ab1406d7e	Listeria_monocytogenes_16S_3	234	1425	179	1350	51	71	1120	933	0.833036	0.751208	562
483c1f2b-8475-41c0-b6c9-5270b912e91a	*	-1	-1	-1	-1	-1	-1	-1	-1	-1	-1	-1
8ce6ccae-de09-4139-b67c-6bf86264ab6b	Pseudomonas_aeruginosa_16S_3	226	1494	185	1424	50	79	1189	1043	0.877208	0.791351	948
1fde354f-e7b7-4807-b1ad-317be5391b5b	Staphylococcus_aureus_16S_3	251	1423	220	1354	86	124	1048	866	0.826336	0.688394	172
c218fa71-b097-4cbf-9c4e-b8ba654448d9	Escherichia_coli_16S_3	277	1508	246	1447	80	110	1121	909	0.810883	0.693364	218
f71e06df-192f-46e8-86da-58b844475a1f	Pseudomonas_aeruginosa_16S_4	19	1494	0	1412	32	95	1380	1209	0.876087	0.802256	1208
360cc36b-7847-4977-8a25-c8e4dd66fb9a	Salmonella_enterica_16S_6	244	1501	236	1499	102	96	1161	939	0.808786	0.690949	214
3d0f327e-8848-4674-9b45-61808d80c183	Bacillus_subtilis_16S_3	243	1417	212	1384	55	57	1117	937	0.838854	0.762408	666
2c63734f-c0e2-487e-99e8-782589e667ca	Pseudomonas_aeruginosa_16S_4	231	1397	234	1448	109	61	1105	925	0.837104	0.72549	390
1916cf86-2126-486c-a208-f9b45323c698	Salmonella_enterica_16S_1	23	1501	2	1444	54	90	1388	1170	0.842939	0.763708	860
490cf860-6b1d-4877-acce-8926ca37d887	Enterococcus_faecalis_16S_4	275	1437	231	1363	55	85	1077	909	0.844011	0.746919	530
a6911bc3-8bbc-4fd1-9191-c346ac3e636e	Salmonella_enterica_16S_1	236	1497	213	1476	59	57	1204	1010	0.83887	0.765152	728
ee3474eb-07fe-42c8-8da3-bcd98cac4080	Staphylococcus_aureus_16S_1	246	1418	217	1348	42	83	1089	894	0.820937	0.736409	438
432296ff-e05d-45b1-9357-73995e9deaec	*	-1	-1	-1	-1	-1	-1	-1	-1	-1	-1	-1
c555201e-852a-4efa-be6a-2451164ae828	Listeria_monocytogenes_16S_5	29	1416	1	1339	72	121	1266	1033	0.815956	0.708019	404
17bea8ea-0505-4eb7-82e0-91942cb1a78c	Staphylococcus_aureus_16S_6	250	1419	209	1385	73	66	1103	915	0.829556	0.736715	488
fd463983-f1d1-4b9b-8493-b693f1b665b2	Salmonella_enterica_16S_1	280	1410	267	1376	48	69	1061	904	0.852026	0.767402	682
09ab9ccc-8795-478a-a45d-5b0547d19ceb	Escherichia_coli_16S_4	242	1508	212	1488	71	61	1205	1000	0.829876	0.747943	640
6c0b5ab6-034b-46db-8a93-9661c18c4e2e	Enterococcus_faecalis_16S_3	259	1526	204	1435	50	86	1181	1002	0.848434	0.76082	744
1fc94d2f-9fd2-4631-b2a0-62c9c9affc63	Escherichia_coli_16S_3	245	1508	215	1437	39	80	1183	988	0.835165	0.758833	734
d86a2963-6d17-45c9-8e5d-c31a3ae14782	Bacillus_subtilis_16S_5	249	1417	213	1378	62	65	1103	910	0.825023	0.739837	470
50a70669-6f71-484b-aeaa-fe9c72072e18	Pseudomonas_aeruginosa_16S_1	21	1490	3	1441	74	105	1364	1114	0.816716	0.72197	414
ae0c1d25-bd70-4813-970b-7bb32a54c767	Staphylococcus_aureus_16S_3	235	1421	161	1327	73	93	1093	923	0.844465	0.733122	518
df2fa7a4-29a2-491c-bb42-e86f3a602646	*	-1	-1	-1	-1	-1	-1	-1	-1	-1	-1	-1
f46e1ae0-37c7-428d-a92d-b6bcbf71b060	*	-1	-1	-1	-1	-1	-1	-1	-1	-1	-1	-1
7748e162-b5f2-4f71-97f5-002868b2eefe	*	-1	-1	-1	-1	-1	-1	-1	-1	-1	-1	-1
3c48b68f-fee9-4c1d-bbb7-6da9a2b7f6a4	Escherichia_coli_16S_3	242	1508	220	1519	102	69	1197	963	0.804511	0.703947	288
b8b3ad77-2551-4d7e-8f41-fc9e2a9aa68f	Staphylococcus_aureus_16S_3	254	1520	214	1440	56	96	1170	971	0.829915	0.734493	538
41afd6dd-8b44-48f4-a0ae-3fc8e95f1896	Pseudomonas_aeruginosa_16S_4	19	1494	0	1495	69	49	1426	1240	0.869565	0.803109	1152
b0de9e68-f1b9-4060-8eff-2fdae4100a10	Staphylococcus_aureus_16S_1	253	1520	217	1452	50	82	1185	975	0.822785	0.740319	554
484d327b-f879-4434-a4f3-3959f35fb144	Pseudomonas_aeruginosa_16S_3	19	1492	0	1451	50	72	1401	1215	0.867238	0.797768	1146
0170b9bf-e481-40f7-b7a5-fab8efcef5b4	*	0	-1	-1	-1	-1	-1	-1	-1	-1	-1	-1
f66eabb6-9560-48ef-b59e-83b49e413a34	Staphylococcus_aureus_16S_1	251	1520	205	1425	60	109	1160	945	0.814655	0.711061	344
d347b69f-3754-48dd-a55d-4de6c2cfdb22	Pseudomonas_aeruginosa_16S_4	237	1399	233	1457	98	36	1126	954	0.847247	0.757143	616
57c18a42-f1e3-4bca-a220-5121e3dd40f0	Staphylococcus_aureus_16S_4	251	1520	210	1460	69	88	1181	987	0.835732	0.737668	596
03bd2599-90f8-4440-816c-eaef1ca79f00	Pseudomonas_aeruginosa_16S_3	96	1494	69	1432	54	89	1309	1122	0.857143	0.772727	918
466fd497-40a2-4be1-b658-d91c880ae527	Staphylococcus_aureus_16S_1	234	1421	202	1364	58	83	1104	906	0.820652	0.727711	398
61d9c320-74be-4243-8883-cffe4879e99b	Salmonella_enterica_16S_3	235	1414	207	1346	51	91	1088	887	0.815257	0.721138	394
ff209256-0362-4684-b808-357f907ceb63	Staphylococcus_aureus_16S_1	339	1516	307	1448	73	109	1068	898	0.840824	0.7184	356
3cbc6826-0f05-45c6-a105-3576a32993fc	Salmonella_enterica_16S_4	238	1501	224	1479	71	79	1184	983	0.830236	0.736882	562
d480b7a8-4b76-47f3-ba45-1261b5c60f53	Salmonella_enterica_16S_1	235	1501	201	1437	47	77	1189	961	0.808242	0.731912	490
68fc503f-67c8-4c5b-a799-239ecc8d7e85	Bacillus_subtilis_16S_4	32	1518	3	1470	35	54	1432	1318	0.920391	0.866535	1762
27f05adb-a49c-4ffd-851c-179e3f1c86a5	Bacillus_subtilis_16S_2	233	1518	166	1448	66	69	1216	1026	0.84375	0.759437	751
5d1ef048-e143-42b4-bf15-1f851dfccba1	Enterococcus_faecalis_16S_3	259	1425	216	1353	37	66	1100	906	0.823636	0.753117	546
48869c23-2418-499b-bdd8-911d9e59bb01	Staphylococcus_aureus_16S_3	250	1419	207	1342	54	88	1081	910	0.841813	0.744072	552
78fcc804-c5f6-4600-8521-bcbb8351f529	Pseudomonas_aeruginosa_16S_4	234	1494	189	1407	30	72	1188	1022	0.860269	0.792248	924
a75d6a33-e830-4c72-8d88-6bf919bc915e	Enterococcus_faecalis_16S_4	259	1422	217	1372	53	61	1102	921	0.835753	0.757401	586
da3c9167-3cce-4efb-9236-4b808e2b724b	Pseudomonas_aeruginosa_16S_3	19	1492	0	1502	81	52	1421	1246	0.876847	0.801802	1214
ac2a0e10-203d-4bbe-8bad-0aa05f83c98c	Salmonella_enterica_16S_1	235	1496	202	1440	38	61	1200	1016	0.846667	0.78214	842
237370cb-e6aa-4cc4-8d51-f404ec45487f	*	-1	-1	-1	-1	-1	-1	-1	-1	-1	-1	-1
d4022669-7847-49f7-9c8f-b137b8850704	Bacillus_subtilis_16S_7	302	1425	261	1395	61	50	1073	909	0.847157	0.767736	664
2f21c6d8-2317-4897-a50c-ca233b87ebe5	Staphylococcus_aureus_16S_4	251	1431	225	1394	58	69	1111	911	0.819982	0.735864	488
2f9a0fbf-cb15-49af-bd3b-ef79685bfb1e	Pseudomonas_aeruginosa_16S_1	226	1494	184	1435	58	75	1193	1034	0.866723	0.779789	894
2c5b0b8d-aeca-4c93-b6fd-074c8bfa29e4	Salmonella_enterica_16S_3	23	1497	2	1458	60	78	1396	1187	0.850287	0.773794	922
ed945a10-fff9-4ab7-b2b8-d28cd2c61af8	Salmonella_enterica_16S_1	234	1418	173	1352	77	82	1102	897	0.813975	0.71134	296
a0b8d3bc-6483-47b2-acde-8534a2899f05	Listeria_monocytogenes_16S_4	251	1421	193	1313	46	96	1074	878	0.817505	0.722039	396
9e2be540-56d5-403c-b072-738022e64173	Staphylococcus_aureus_16S_1	320	1419	283	1360	55	77	1022	845	0.82681	0.732236	386
317629ba-e9d1-4276-b5ca-e943468306d4	Enterococcus_faecalis_16S_3	280	1526	253	1466	77	110	1136	921	0.810739	0.696145	196
