read_id	alignment_genome	alignment_genome_start	alignment_genome_end	alignment_strand_start	alignment_strand_end	alignment_num_insertions	alignment_num_deletions	alignment_num_aligned	alignment_num_correct	alignment_identity	alignment_accuracy	alignment_score
0955aca7-d5e9-4945-a401-39c5a6f2e68d	Pseudomonas_aeruginosa_16S_3	19	1486	0	1434	47	80	1387	1215	0.875991	0.80251	1180
ae602775-88ae-461d-a6da-df7b597c2e6a	Bacillus_subtilis_16S_3	240	1518	195	1470	47	50	1228	1041	0.84772	0.78566	880
0a24cf59-6076-441a-8a8b-01d85eeabd64	Staphylococcus_aureus_16S_5	30	1520	0	1426	39	103	1387	1214	0.87527	0.793983	1144
31e05d8b-f55b-423d-8ea8-45a850473baf	Bacillus_subtilis_16S_10	33	1430	4	1365	72	108	1289	1084	0.840962	0.737917	544
bb3ae584-1540-47f1-b3e9-0a612122a68a	Listeria_monocytogenes_16S_6	28	1517	0	1427	55	117	1372	1155	0.841837	0.748057	706
27e96256-4ccc-4616-82ef-3737426b3f16	Pseudomonas_aeruginosa_16S_4	227	1494	216	1457	45	71	1196	1008	0.842809	0.768293	756
30e5f816-b55d-4531-8f76-e8c57bf121ca	*	-1	-1	-1	-1	-1	-1	-1	-1	-1	-1	-1
4f8b38e5-1039-4ede-bc52-22df432baa4f	Pseudomonas_aeruginosa_16S_4	228	1494	191	1447	53	63	1203	995	0.827099	0.754359	666
2b6fe0ff-eca7-4e8b-a74e-7d126517fd0f	Listeria_monocytogenes_16S_3	31	1517	3	1461	73	101	1385	1161	0.838267	0.744708	694
1b282a40-78f1-4822-85ac-1c30cc5eace1	Bacillus_subtilis_16S_3	29	1518	0	1475	66	80	1409	1193	0.8467	0.767203	858
3155ab90-deb0-4bcf-822f-ac7aa886facd	Listeria_monocytogenes_16S_1	28	1421	0	1385	65	73	1320	1169	0.885606	0.801783	1150
0b6f14ea-22cf-4da2-a4ff-eba63e269493	Escherichia_coli_16S_2	242	1418	220	1385	81	92	1084	891	0.821956	0.708831	316
f2b5e835-57f3-475d-bc05-37b94a7779fe	Salmonella_enterica_16S_2	244	1501	223	1454	46	72	1185	975	0.822785	0.748273	618
092b1d61-4fc6-4c1e-a930-572505143937	Salmonella_enterica_16S_5	245	1501	214	1481	99	88	1168	946	0.809932	0.698155	198
4ee15b36-34af-4463-847f-ca2ad9d68fd0	Pseudomonas_aeruginosa_16S_1	228	1402	230	1388	49	65	1109	934	0.8422	0.763696	676
6e86bd93-536b-4e58-b81b-9460be038b07	Salmonella_enterica_16S_5	239	1403	218	1345	38	75	1089	912	0.837466	0.758735	642
c6ac7027-0b3f-413d-8244-85d9306faba3	Escherichia_coli_16S_8	314	1508	325	1537	93	75	1119	917	0.819482	0.71251	334
9efce06c-e338-4bda-9aef-39ab34cb6b3c	Pseudomonas_aeruginosa_16S_2	19	1493	0	1433	54	95	1379	1205	0.873822	0.788613	1028
89b4b2aa-cccf-4b02-9b3a-1d9e9806b426	Bacillus_subtilis_16S_6	30	1516	0	1470	62	78	1408	1157	0.821733	0.747416	650
ea76cb09-1f16-4641-bf9c-682085c308d7	Bacillus_subtilis_16S_7	33	1518	4	1454	64	99	1386	1183	0.853535	0.763719	836
02774786-a560-4a66-8a10-23f7136fee3b	Enterococcus_faecalis_16S_4	107	1427	66	1389	78	75	1245	1040	0.835341	0.74392	634
000ce491-e002-46d9-a532-711835882ae0	Listeria_monocytogenes_16S_2	28	1411	0	1390	68	61	1322	1097	0.829803	0.75603	700
bdc6f011-3226-44e0-8cfb-e051a4ac2f94	Bacillus_subtilis_16S_3	32	1518	2	1449	75	114	1372	1183	0.862245	0.757848	816
96ed1b8a-8613-40ed-9266-bad830f7ee18	Enterococcus_faecalis_16S_1	27	1446	1	1398	78	100	1319	1104	0.836998	0.737475	636
e371a974-c478-4704-a462-afde91efefc2	*	-1	-1	-1	-1	-1	-1	-1	-1	-1	-1	-1
7972b5c7-580b-4f1a-835d-a4672945e80c	*	-1	-1	-1	-1	-1	-1	-1	-1	-1	-1	-1
9a37ab49-0358-46e5-bbf4-30c3a070db4c	Bacillus_subtilis_16S_2	234	1515	168	1392	29	86	1195	1099	0.919665	0.838931	1349
2d99c6bb-be3c-4ef1-85dc-0920c6b17943	Salmonella_enterica_16S_4	239	1421	208	1355	31	66	1116	952	0.853047	0.784831	810
efeda748-b473-421b-a1c9-27cd19a10519	Bacillus_subtilis_16S_3	241	1518	225	1496	56	62	1215	1048	0.862551	0.786197	940
aa3d8fa2-94ce-4642-8d35-a5ec722498f5	Bacillus_subtilis_16S_3	242	1518	189	1401	35	99	1177	989	0.840272	0.754386	662
9a27922e-3924-4943-990c-9c41018acb50	Pseudomonas_aeruginosa_16S_4	223	1494	191	1434	41	69	1202	1050	0.873544	0.800305	1020
bfc3d156-368e-437b-9b35-6baf4fc9bc01	Salmonella_enterica_16S_3	236	1410	217	1373	45	63	1111	947	0.852385	0.776866	742
50286e99-e399-4fbb-a739-25ad80ee55da	Enterococcus_faecalis_16S_2	30	1526	4	1420	57	137	1359	1132	0.832965	0.728912	632
302114a1-f188-4d69-9815-673218052d5f	*	0	-1	-1	-1	-1	-1	-1	-1	-1	-1	-1
e40f1ea1-b02f-4521-8d65-a607aa6ff73c	*	-1	-1	-1	-1	-1	-1	-1	-1	-1	-1	-1
39d3d6f7-8c4f-41aa-bb17-40ac7b1a0d27	Pseudomonas_aeruginosa_16S_3	19	1494	0	1450	43	68	1407	1253	0.890547	0.825428	1404
b4544735-2944-45c9-b383-2c0b282571eb	Staphylococcus_aureus_16S_1	29	1520	0	1451	53	93	1398	1157	0.827611	0.749352	734
228cd515-575f-4a26-8a40-8886bd7113e5	Bacillus_subtilis_16S_7	325	1518	267	1415	46	91	1102	928	0.842105	0.748991	598
9495a2ab-49ec-4170-a895-b91758e6fe1c	Bacillus_subtilis_16S_2	33	1251	4	1149	50	123	1095	935	0.853881	0.737382	544
9516fd92-fb25-4d5b-845e-0c03751f983c	Listeria_monocytogenes_16S_3	28	1416	0	1353	74	109	1279	1038	0.811572	0.709986	362
d6580f26-f8a9-48b0-8736-1e26f5770b09	Bacillus_subtilis_16S_6	240	1518	205	1441	56	98	1180	1007	0.85339	0.754873	678
c859e6a2-d075-43da-b502-538af76e9703	Enterococcus_faecalis_16S_4	29	1406	3	1355	71	96	1281	1071	0.836066	0.739641	540
50944b32-cea7-4a85-b2f5-d85a7904c7f1	Pseudomonas_aeruginosa_16S_4	231	1494	209	1453	57	76	1187	1001	0.843302	0.758333	700
3c4b5b03-1d7c-4648-b456-36bc094fd7a6	*	-1	-1	-1	-1	-1	-1	-1	-1	-1	-1	-1
e8dcbdd6-32ad-4883-9d9a-21cf5ef7e262	Escherichia_coli_16S_5	246	1428	208	1349	38	79	1103	927	0.840435	0.759836	680
4b9adb8d-42fc-4d65-8ee2-73f1f448fc32	Salmonella_enterica_16S_5	26	1501	5	1463	70	87	1388	1166	0.840058	0.754693	790
1c43a633-7058-492d-aebb-82bccefc8d02	Enterococcus_faecalis_16S_2	259	1526	210	1462	42	57	1210	1035	0.855372	0.79068	912
42a4a251-ca2e-43f9-a3c3-576c7cc2fc8a	Pseudomonas_aeruginosa_16S_2	231	1494	219	1484	60	58	1205	985	0.817427	0.74452	590
f9f28b9d-4401-47af-b874-b135cc3b9174	Bacillus_subtilis_16S_6	33	1518	5	1478	81	93	1392	1181	0.84842	0.754151	718
246eb35e-db3d-4057-ae26-a3877405732b	Bacillus_subtilis_16S_7	250	1518	201	1465	61	65	1203	1020	0.84788	0.767494	764
b6e4f6c1-0e57-4d6a-820e-1454d67cacea	Pseudomonas_aeruginosa_16S_3	22	1494	3	1428	83	130	1342	1171	0.872578	0.753055	852
4ccfd2b8-818f-47fe-a1a5-d02c7b0263f5	Salmonella_enterica_16S_1	235	1402	225	1346	35	81	1086	917	0.844383	0.762895	697
aba05edb-744a-47c3-befa-6b47dd664371	Bacillus_subtilis_16S_2	257	1518	228	1453	50	86	1175	987	0.84	0.75286	586
58f77537-e375-4ed4-86e5-55788386fec7	Bacillus_subtilis_16S_3	240	1408	204	1394	72	50	1118	925	0.82737	0.745968	526
136c978b-f5e1-40b6-9d5e-89454a60a54a	Bacillus_subtilis_16S_7	250	1514	200	1427	49	86	1178	986	0.837012	0.750952	630
abda87ec-dfd2-451e-9ee8-0f93e3d245c7	Enterococcus_faecalis_16S_3	303	1466	243	1352	50	104	1059	900	0.849858	0.741962	516
72371a1f-4275-4b38-9060-85bafbbd5325	Pseudomonas_aeruginosa_16S_4	18	1493	0	1462	55	68	1407	1213	0.862118	0.79281	1084
51a3d534-7121-4d5c-a6f0-f3891f873801	Salmonella_enterica_16S_1	280	1501	261	1464	60	78	1143	963	0.84252	0.751756	646
3c8eeba0-2b6f-40f5-838e-0d27b19149e2	Pseudomonas_aeruginosa_16S_1	19	1494	0	1461	75	89	1386	1190	0.858586	0.767742	876
461ff066-1ddf-4607-a9b4-a1334485ab4d	Bacillus_subtilis_16S_6	252	1506	276	1519	46	57	1197	996	0.83208	0.766154	706
36acd438-cd29-4ee3-bed2-0b23f9393749	*	-1	-1	-1	-1	-1	-1	-1	-1	-1	-1	-1
c9242b6e-fbfe-4d6f-a16e-0ceca068cb93	Bacillus_subtilis_16S_7	29	1518	0	1494	77	72	1417	1251	0.882851	0.798851	1204
e0263090-6ea9-4e10-88ce-1b921f6f9191	Bacillus_subtilis_16S_7	42	1518	8	1467	85	102	1374	1188	0.864629	0.761051	822
d2f4ca66-06e5-4176-8550-0c6313611ec0	Enterococcus_faecalis_16S_2	30	1433	4	1380	66	93	1310	1117	0.852672	0.760381	796
50e664e5-be33-4fef-b129-b0f5384c95a4	Enterococcus_faecalis_16S_2	262	1437	211	1365	43	64	1111	928	0.835284	0.761905	674
bb69c9d1-3374-4d1e-8ef2-f25ce06e5db0	Salmonella_enterica_16S_5	21	1501	0	1434	52	98	1382	1190	0.861071	0.776762	964
5a023ff1-b89f-49f7-a24d-1e8c9416047b	Bacillus_subtilis_16S_5	240	1518	218	1491	56	61	1217	1024	0.841413	0.767616	770
7d142965-83c4-4456-8b38-6e2c29f15900	Pseudomonas_aeruginosa_16S_2	19	1494	0	1449	69	95	1380	1205	0.873188	0.78044	978
d4f60af9-3b6b-4004-b8b2-f6c9e36eb662	Salmonella_enterica_16S_3	232	1501	191	1439	72	93	1176	1025	0.871599	0.764355	764
b7d70f90-2962-4a96-886f-0103274212e0	Bacillus_subtilis_16S_7	33	1518	4	1479	62	72	1413	1199	0.848549	0.775048	938
69f5bf7d-3172-440e-ac39-2eae3919bf3c	*	-1	-1	-1	-1	-1	-1	-1	-1	-1	-1	-1
1fd14032-f826-4eba-a6d5-7e6c25f337a0	Listeria_monocytogenes_16S_1	267	1514	225	1418	47	101	1146	959	0.836824	0.741113	538
0b1894fc-1006-492d-a69f-e240a62a9c10	Bacillus_subtilis_16S_3	29	1518	0	1482	68	75	1414	1207	0.853607	0.775209	928
028d7c5b-66d3-49f4-bfb5-f6030b0992e8	Listeria_monocytogenes_16S_3	234	1515	202	1471	55	67	1214	1018	0.83855	0.761976	712
163a2802-0d19-47d6-ba90-031efab718cc	Pseudomonas_aeruginosa_16S_2	19	1494	0	1444	37	68	1407	1236	0.878465	0.81746	1302
e0f14eb2-4560-4ae1-9cd7-567eb096b445	Bacillus_subtilis_16S_3	31	1518	4	1495	74	70	1417	1263	0.89132	0.809097	1302
108b94f8-4a12-4af5-9b9f-4ec28c3caadf	Bacillus_subtilis_16S_9	240	1518	210	1459	43	72	1206	1022	0.84743	0.773656	750
aa0df534-b58c-42da-bd49-53936a065c1e	Bacillus_subtilis_16S_7	29	1518	0	1458	48	79	1410	1285	0.911348	0.836044	1484
df7d8c98-911d-4854-9d7e-e47bbb92c251	*	-1	-1	-1	-1	-1	-1	-1	-1	-1	-1	-1
4d822320-4c27-4551-a596-7b0a671e838b	Salmonella_enterica_16S_4	502	1501	457	1415	40	81	918	782	0.851852	0.752647	446
4466f909-9045-466e-a274-c71b86545c56	Pseudomonas_aeruginosa_16S_2	19	1494	0	1450	37	62	1413	1185	0.838641	0.78373	984
f460b3f7-beb9-4ff8-b68f-116a9705b6d8	Bacillus_subtilis_16S_7	239	1422	210	1429	55	19	1164	1075	0.92354	0.868336	1474
aa144a3d-80d8-4987-9c81-bb1634074b81	Bacillus_subtilis_16S_6	233	1518	202	1466	50	71	1214	1034	0.85173	0.774532	794
b59771e5-a685-421f-a483-a9e4f61fc4a2	Staphylococcus_aureus_16S_4	332	1520	312	1495	56	61	1127	919	0.815439	0.738746	476
f3d41482-993e-4df9-9d91-084a83bbd2d8	Bacillus_subtilis_16S_6	240	1518	249	1499	33	61	1217	1065	0.875103	0.812357	1082
82b1fc43-c620-4663-8bbb-24fa8ca7c9ee	*	0	-1	-1	-1	-1	-1	-1	-1	-1	-1	-1
a4b35faf-a497-46a9-b754-acb604631ae7	Staphylococcus_aureus_16S_1	252	1520	202	1466	57	61	1207	976	0.808616	0.736604	524
ae445a83-b83e-4475-8c76-caca289f7036	Bacillus_subtilis_16S_2	29	1518	0	1533	108	64	1425	1251	0.877895	0.783344	1094
1c4c2721-6712-40e1-8d52-84802c32dedc	Pseudomonas_aeruginosa_16S_3	212	1494	154	1376	25	85	1197	1046	0.873851	0.800306	992
b879e468-0fdd-4387-819b-e6729a3e6554	Salmonella_enterica_16S_2	235	1404	228	1369	37	65	1104	950	0.860507	0.787728	880
05bc963e-51d3-4200-a746-7e1740281f93	Bacillus_subtilis_16S_2	240	1518	221	1486	57	70	1208	1042	0.862583	0.780524	886
69efe443-139e-4e4b-9ed9-625647c3ece5	Listeria_monocytogenes_16S_1	238	1413	210	1391	61	55	1120	969	0.865179	0.783981	818
859dacb1-f763-4682-90a2-f72c61e49ada	*	-1	-1	-1	-1	-1	-1	-1	-1	-1	-1	-1
c8c63937-9fd0-44a3-9c8c-992ffd654ad7	Enterococcus_faecalis_16S_3	265	1441	212	1377	79	90	1086	920	0.847145	0.733068	438
2d5ba147-8952-4751-b4b4-3aef39e8460a	Salmonella_enterica_16S_1	234	1501	203	1442	63	91	1176	960	0.816327	0.721804	376
d06b8245-7c1c-473d-9434-0c090e158ac8	Enterococcus_faecalis_16S_1	259	1526	223	1499	69	60	1207	1032	0.855012	0.772455	762
fe5dd81b-c6a9-46cb-b883-c663b5f72341	Bacillus_subtilis_16S_1	319	1417	267	1352	52	65	1033	845	0.818006	0.734783	420
c963e3f2-21fd-4e66-9dc5-66a309119908	Enterococcus_faecalis_16S_2	31	1433	4	1379	69	96	1306	1116	0.854518	0.758668	766
a0f51e3e-0282-4d5e-9d54-35b0a2e1d607	Salmonella_enterica_16S_1	21	1501	0	1434	42	88	1392	1152	0.827586	0.756899	768
a6d4aa88-a3e9-4491-80ed-fe014d186877	Bacillus_subtilis_16S_3	234	1518	202	1523	88	51	1233	1017	0.824818	0.741254	560
c0177dc3-83cc-4c10-bc69-0b247cbe7822	*	-1	-1	-1	-1	-1	-1	-1	-1	-1	-1	-1
ce638944-f22b-42fa-a547-53c3c100cc93	Pseudomonas_aeruginosa_16S_2	23	1396	4	1372	69	74	1299	1076	0.82833	0.746186	662
67652ff8-f94e-4e1c-98f2-492decef6482	Listeria_monocytogenes_16S_5	238	1517	202	1490	103	94	1185	974	0.821941	0.704776	342
77369d49-6ae3-4c43-b4f2-b93f0e49fe09	Listeria_monocytogenes_16S_4	31	1421	4	1418	80	56	1334	1119	0.838831	0.761225	802
048b1be8-5143-4dce-a7b4-1a1666738fef	*	0	-1	-1	-1	-1	-1	-1	-1	-1	-1	-1
71663c8d-6094-4a16-9eb2-0f6f03eda306	Bacillus_subtilis_16S_9	240	1518	212	1489	47	48	1230	1052	0.855285	0.793962	926
26e9cc67-86fc-4b14-ab33-abd194a745d7	Salmonella_enterica_16S_5	239	1386	213	1329	36	67	1080	902	0.835185	0.762468	646
f060009a-0b4e-45a8-9ddc-2c4a2661758c	Salmonella_enterica_16S_1	27	1402	7	1435	110	57	1318	1105	0.838391	0.744108	720
db4c620a-8517-45d2-ac82-cf01ed95e958	Bacillus_subtilis_16S_3	240	1518	200	1461	50	67	1211	1019	0.841453	0.767319	760
8a58cf6b-6e31-4ab2-ac4f-dab82be72bbf	Pseudomonas_aeruginosa_16S_1	19	1494	0	1454	97	118	1357	1130	0.832719	0.71883	442
83a51f60-20f7-459c-9d28-e3bac5fa12ae	*	-1	-1	-1	-1	-1	-1	-1	-1	-1	-1	-1
ec2f97b0-cb55-4231-b008-f5ecf23e37a0	*	-1	-1	-1	-1	-1	-1	-1	-1	-1	-1	-1
67cbfc1f-5905-4e0a-bc93-71a5f2cb6cd5	Salmonella_enterica_16S_3	21	1501	0	1473	59	66	1414	1212	0.857143	0.787524	1082
d15e9409-72cc-4fcd-a17c-5f69e730095f	*	-1	-1	-1	-1	-1	-1	-1	-1	-1	-1	-1
3f83348a-e211-4faf-bae5-6421194e8e89	Enterococcus_faecalis_16S_4	259	1437	215	1381	55	67	1111	932	0.838884	0.75588	580
ba074be8-bfb1-4baa-937f-f7d8917ef76b	*	-1	-1	-1	-1	-1	-1	-1	-1	-1	-1	-1
7d98773f-80e2-4af6-a8f0-aac1ef6714c1	*	0	-1	-1	-1	-1	-1	-1	-1	-1	-1	-1
2b0b152c-5788-4e9b-b6fe-41413f7ae060	Salmonella_enterica_16S_3	238	1501	231	1481	60	73	1190	1010	0.84874	0.763416	662
5f5665b7-79a1-4910-a41b-18f7a3985168	Pseudomonas_aeruginosa_16S_4	223	1492	217	1480	44	50	1219	1027	0.842494	0.782178	834
38ef1b87-24a2-4301-8322-f7e90add3a92	Listeria_monocytogenes_16S_2	32	1517	4	1488	81	82	1403	1194	0.851034	0.762452	854
1f8d1dd6-b803-4889-a48e-4620202c7117	Bacillus_subtilis_16S_6	33	1512	0	1454	59	84	1395	1173	0.84086	0.762679	824
ab376c03-10cb-41bc-aff7-346869b8845e	Salmonella_enterica_16S_4	24	1501	3	1397	38	121	1356	1125	0.829646	0.742574	708
18cd21b2-a0d0-4381-8b03-5b89db83d38a	Salmonella_enterica_16S_4	236	1402	178	1337	66	73	1093	899	0.822507	0.729708	448
23646cf7-781d-4603-bc1f-b2cc1194c972	Listeria_monocytogenes_16S_1	273	1517	234	1475	76	79	1165	989	0.848927	0.749242	604
54158375-c949-4151-a7c5-a199a3486d04	Enterococcus_faecalis_16S_1	328	1425	264	1333	44	72	1025	837	0.816585	0.733567	430
7477f59c-0a4e-40dc-bb13-b18df98c181a	*	-1	-1	-1	-1	-1	-1	-1	-1	-1	-1	-1
1d868ba3-a00a-4128-9b4c-b58e429f2577	Pseudomonas_aeruginosa_16S_1	19	1494	0	1439	71	107	1368	1158	0.846491	0.74903	784
5734d054-30d7-41f8-a861-db655f90860d	Salmonella_enterica_16S_2	25	1501	4	1451	67	96	1380	1134	0.821739	0.734932	594
a3605adf-79ec-409a-91fb-2f38d5c1b954	Salmonella_enterica_16S_2	235	1414	212	1384	62	69	1110	920	0.828829	0.741338	522
b770b1d3-8598-4362-8576-166313b8a74a	*	-1	-1	-1	-1	-1	-1	-1	-1	-1	-1	-1
bf3fdf17-87a3-40c3-bca6-fe36f5ab2457	Salmonella_enterica_16S_5	239	1500	236	1514	89	72	1189	993	0.835156	0.735556	552
72cd0238-c2b9-4dd7-94be-f1eb3163a2ca	Pseudomonas_aeruginosa_16S_4	19	1492	0	1460	49	62	1411	1232	0.87314	0.809461	1230
93b24614-44f3-4efe-9317-e1c5654c3164	Salmonella_enterica_16S_1	244	1501	232	1442	38	85	1172	987	0.84215	0.762162	752
52fd96c8-b27a-4932-b4d5-a11928be3fcc	Pseudomonas_aeruginosa_16S_4	23	1494	0	1418	56	109	1362	1162	0.853157	0.760969	850
984854ac-f23f-44b9-9420-5103aafa3fe4	Escherichia_coli_16S_1	243	1508	210	1458	64	81	1184	973	0.821791	0.732129	512
5446a00d-2fa2-4913-bdc7-520df1fa0307	Bacillus_subtilis_16S_3	323	1518	290	1513	69	41	1154	979	0.848354	0.774525	762
7ecb9e6a-b877-498e-916b-b4217be3c4ef	Bacillus_subtilis_16S_7	33	1408	4	1355	84	108	1267	1050	0.828729	0.719671	388
5a265730-bcf0-49cb-8217-c1fea4a4485c	Salmonella_enterica_16S_4	236	1501	213	1457	47	68	1197	1020	0.85213	0.777439	838
679ddbdd-52cb-43c0-824a-fae2f175f130	Salmonella_enterica_16S_5	236	1501	186	1454	65	62	1203	959	0.797174	0.721053	424
5a7fb1ad-3722-440a-a96e-4391b1dfb41a	Staphylococcus_aureus_16S_5	243	1517	224	1523	97	72	1202	1004	0.835275	0.732312	542
f3042822-887d-431f-ad6f-614a3bd5d04b	Salmonella_enterica_16S_3	239	1414	197	1298	31	105	1070	897	0.838318	0.743781	562
3eae0b36-7471-409f-a0ad-bd2fa4b93e65	Listeria_monocytogenes_16S_2_rc	13	1416	67	1378	68	160	1243	1028	0.827031	0.698844	260
4f76b0a0-26b6-4055-80ba-bab81d530210	Bacillus_subtilis_16S_6	250	1518	204	1436	41	77	1191	1026	0.861461	0.783804	812
91154477-d367-45bf-a561-d40a5dbc1121	Bacillus_subtilis_16S_2	29	1429	0	1396	81	85	1315	1114	0.847148	0.752194	768
5b4f0567-bb25-4d68-993d-12a1c37741e0	*	0	-1	-1	-1	-1	-1	-1	-1	-1	-1	-1
7e2870e0-3573-4b7b-8c0a-b2a09ed93287	Bacillus_subtilis_16S_2	29	1518	0	1444	46	91	1398	1184	0.846924	0.771335	914
82d73864-78e8-4028-a9d2-a45cfa48dbe6	Pseudomonas_aeruginosa_16S_4	223	1411	178	1327	36	75	1113	971	0.872417	0.793301	928
3784a814-333c-4156-a908-fd032f5e51a3	Enterococcus_faecalis_16S_1	262	1437	214	1408	78	59	1116	920	0.824373	0.734238	494
d560a8b6-79bf-4e3e-9aae-b754f431b1e9	Salmonella_enterica_16S_5	236	1402	199	1350	34	49	1117	882	0.789615	0.735	442
5dfaa9a4-2024-4a2c-86b4-d3da485e226f	Bacillus_subtilis_16S_6	250	1425	214	1375	52	66	1109	967	0.871957	0.788101	826
35a8a1ec-d86d-4e14-a887-e811e0e2e660	*	-1	-1	-1	-1	-1	-1	-1	-1	-1	-1	-1
2eb318a8-61de-4990-ac2d-21baab8195cf	Salmonella_enterica_16S_1	24	1402	3	1374	64	71	1307	1103	0.843917	0.76491	836
76e4c220-b3d9-4e31-ae8d-fddb145725e5	Enterococcus_faecalis_16S_1	259	1526	219	1467	43	62	1205	1000	0.829876	0.763359	702
9a97eff7-f707-4614-8412-e95c46684b6a	Salmonella_enterica_16S_2	239	1501	212	1452	41	63	1199	975	0.813178	0.748273	602
71d31603-99b8-4f86-8056-79d070f886dc	*	-1	-1	-1	-1	-1	-1	-1	-1	-1	-1	-1
58b16e1b-ae31-457d-939f-1254fff410ee	Pseudomonas_aeruginosa_16S_1	223	1494	166	1370	46	113	1158	1016	0.877375	0.77145	782
73f7064c-8099-4be3-a1c1-59723e55d837	Bacillus_subtilis_16S_4	250	1518	224	1481	49	60	1208	1037	0.858444	0.787396	872
3dd88ccd-617d-4dcb-a475-c02f7e5d466f	Salmonella_enterica_16S_1	239	1402	119	1267	57	72	1091	885	0.811182	0.72541	392
fd2506f1-1e4f-43e3-acf0-808a9657cfe2	Pseudomonas_aeruginosa_16S_2	228	1446	237	1475	79	59	1159	985	0.849871	0.759445	702
e2ed40df-8b01-4ac9-b927-64cef3355f88	Bacillus_subtilis_16S_3	240	1423	198	1359	55	77	1106	965	0.872514	0.779483	810
451a3e95-2532-4922-bd5a-23b007bc013f	Pseudomonas_aeruginosa_16S_4	234	1494	200	1441	45	64	1196	1012	0.846154	0.775479	822
28e6079a-9934-46f9-8ce3-78385ebac166	Salmonella_enterica_16S_4	239	1501	214	1452	66	90	1172	985	0.840444	0.741717	602
8fdf68f2-a032-4d3e-a071-6adc7af5e458	Salmonella_enterica_16S_2	21	1417	0	1383	68	81	1315	1130	0.859316	0.771858	898
de4b2fa5-7c51-415c-ae0f-3c1bd1277bde	Bacillus_subtilis_16S_4	233	1518	198	1452	35	66	1219	1076	0.882691	0.815152	1114
