read_id	alignment_genome	alignment_genome_start	alignment_genome_end	alignment_strand_start	alignment_strand_end	alignment_num_insertions	alignment_num_deletions	alignment_num_aligned	alignment_num_correct	alignment_identity	alignment_accuracy	alignment_score
e6aa9a04-e44d-4496-a2f8-9e0fe1b4a786	*	-1	-1	-1	-1	-1	-1	-1	-1	-1	-1	-1
30cfd9c7-8349-4356-908d-3c9c20975d93	Staphylococcus_aureus_16S_2	29	1514	0	1429	21	77	1408	1363	0.96804	0.905046	2102
0f6451b3-448c-47d0-8f0b-82d2181259f4	Bacillus_subtilis_16S_1	29	1518	0	1487	35	37	1452	1419	0.977273	0.931102	2382
719ad5c7-0d18-47a3-950b-c0377dc89c5c	Staphylococcus_aureus_16S_3	35	1520	6	1512	50	29	1456	1419	0.974588	0.92443	2312
21262fd3-8e25-4695-a8c5-55ceb70e23ef	Pseudomonas_aeruginosa_16S_2	19	1494	0	1454	29	50	1425	1372	0.962807	0.912234	2150
b368be13-5eae-4802-9372-276cd96f002d	Lactobacillus_fermentum_16S_1	21	1536	0	1492	31	54	1461	1361	0.931554	0.880336	1976
616fd786-3955-4b48-a254-0b41354197dd	Staphylococcus_aureus_16S_1	29	1520	0	1445	20	66	1425	1376	0.965614	0.910655	2156
11e5aaee-3146-41ac-a92e-ce84cb98ba5b	Staphylococcus_aureus_16S_6	248	1520	229	1493	27	35	1237	1164	0.940986	0.896074	1756
58c22daa-4369-4236-9c03-d032d4160352	Staphylococcus_aureus_16S_4	103	1520	97	1475	41	80	1337	1213	0.907255	0.831962	1368
dd96ad8f-7e94-4a56-b0c2-5f74a6f539a1	*	-1	-1	-1	-1	-1	-1	-1	-1	-1	-1	-1
4a110846-2d2f-4daf-9f78-420c1671e213	Listeria_monocytogenes_16S_3	28	1515	0	1476	70	81	1406	1319	0.938122	0.847142	1644
28ebb827-d6cb-43f4-be5a-fdb86e712a4a	Staphylococcus_aureus_16S_2	30	1520	0	1465	34	59	1431	1342	0.937806	0.880577	1890
bfc9c25c-87fb-4790-a9db-308e4ad835a7	Pseudomonas_aeruginosa_16S_2	19	1494	0	1495	66	46	1429	1396	0.976907	0.905905	2128
39837538-b498-4c89-8e19-d8996ccd1927	Enterococcus_faecalis_16S_3	26	1519	0	1472	29	50	1443	1375	0.952876	0.903417	2100
d6bf79c6-12c2-4af1-a645-41ef005ff2e7	Lactobacillus_fermentum_16S_1	21	1533	0	1489	22	45	1467	1365	0.93047	0.889831	2028
f9672d31-db87-4fc4-82c9-a956254eb0d4	Salmonella_enterica_16S_1	21	1499	0	1488	51	41	1437	1400	0.974252	0.915631	2228
4ba1ce3d-a32b-41bc-8c2b-d6084f641032	Bacillus_subtilis_16S_8	30	1494	0	1416	50	98	1366	1266	0.926794	0.836196	1484
be10f158-6c90-4839-befb-666ea7bb6655	Bacillus_subtilis_16S_5	30	1518	0	1455	31	64	1424	1341	0.941714	0.882818	1900
57104054-c2c9-4b98-a929-f8b394354e44	Salmonella_enterica_16S_6	23	1501	2	1397	48	131	1347	1276	0.94729	0.836173	1578
4daf10a8-e335-4ddb-9c8c-aa51623334e5	Staphylococcus_aureus_16S_2	30	1520	0	1448	19	61	1429	1350	0.944717	0.894632	2016
d6dbf555-b10a-4981-b748-0056e929023d	Salmonella_enterica_16S_2	21	1501	0	1468	47	59	1421	1382	0.972555	0.905043	2120
1e6585dc-6fc4-40c8-81bc-6945c068e710	Listeria_monocytogenes_16S_3	31	1428	3	1393	41	48	1349	1226	0.908821	0.852573	1554
36a86799-d7b7-4f6e-8c92-b441e01da5ef	Salmonella_enterica_16S_3	21	1501	0	1492	53	41	1439	1392	0.967338	0.908023	2140
eac79197-c5cc-4538-91df-69b938541831	Lactobacillus_fermentum_16S_1	21	1536	0	1449	42	108	1407	1284	0.91258	0.824663	1425
65fb2dd2-3223-43fb-b088-073f4f336924	*	-1	-1	-1	-1	-1	-1	-1	-1	-1	-1	-1
43553cce-9c94-48fb-9916-bb4ef51a2eee	Pseudomonas_aeruginosa_16S_1	19	1480	0	1478	48	31	1430	1397	0.976923	0.925779	2304
f8afd548-670b-45e7-91b6-6ba2d5542b71	Staphylococcus_aureus_16S_6	103	1520	94	1479	38	70	1347	1228	0.911656	0.843986	1508
e91cc2d9-3ee5-4b54-b7e8-94a758663ff6	Pseudomonas_aeruginosa_16S_4	18	1494	1	1482	37	32	1444	1407	0.974377	0.929941	2332
e5525870-9a6f-426e-9038-90f3cecbbb28	Bacillus_subtilis_16S_9	29	1518	0	1476	26	39	1450	1393	0.96069	0.919472	2236
390b1158-4d6f-4741-be30-718e6ef97e38	Listeria_monocytogenes_16S_4	39	1505	113	1541	28	66	1400	1327	0.947857	0.88822	1910
25a405f9-a0c8-4aba-bf97-e44aef9298eb	*	-1	-1	-1	-1	-1	-1	-1	-1	-1	-1	-1
035532ca-11a5-4353-a0be-ac4aa69b4c60	Salmonella_enterica_16S_2	21	1501	0	1460	41	61	1419	1294	0.91191	0.850756	1632
90264bd3-ebff-4bfa-9b59-71c7596a658f	Lactobacillus_fermentum_16S_1	23	1534	2	1453	51	111	1400	1293	0.923571	0.827785	1476
5d311861-0237-4c8b-9cdb-0602a35b4e62	Listeria_monocytogenes_16S_6	28	1517	0	1487	50	52	1437	1311	0.912317	0.851852	1658
2873560d-a9c0-4e4a-afca-d4a3046b33e7	Pseudomonas_aeruginosa_16S_3	19	1494	0	1463	33	45	1430	1310	0.916084	0.8687	1764
59bbd380-834d-4408-92ad-67f4027e64a2	Lactobacillus_fermentum_16S_2	21	1546	0	1515	38	48	1477	1440	0.974949	0.921305	2366
68da93c5-b7d7-43a4-b421-0209d57c82f5	Escherichia_coli_16S_2	25	1498	1	1446	33	61	1412	1374	0.973088	0.912351	2152
406fe0ac-3ebb-4816-b06e-ea7dbcd7f652	Listeria_monocytogenes_16S_3	28	1517	0	1472	29	46	1443	1374	0.952183	0.905138	2154
1ea9a91e-2de4-44e3-acfb-8332f07bcfd1	Bacillus_subtilis_16S_5	29	1510	0	1448	36	69	1412	1346	0.953258	0.887278	1954
d5d020bf-4703-4539-ae41-cd20b24da951	Pseudomonas_aeruginosa_16S_1	19	1406	0	1381	30	36	1351	1256	0.929682	0.88638	1832
0b2f823b-e0fe-457a-94ae-0ff8f95c6c6f	Listeria_monocytogenes_16S_6	29	1482	0	1406	31	78	1375	1300	0.945455	0.876011	1806
357b73e1-dc1e-4452-a10f-ded0dff6842a	*	-1	-1	-1	-1	-1	-1	-1	-1	-1	-1	-1
5d48a424-da48-4aff-a107-745e36292418	Salmonella_enterica_16S_6	21	1501	0	1483	40	37	1443	1352	0.936937	0.889474	1982
fddb22ca-a5a1-436d-9a66-9ccc7d1b252a	Escherichia_coli_16S_2	243	1508	225	1518	56	28	1237	1151	0.930477	0.87131	1582
733ee8f9-8842-4747-a164-021d4ca101ab	Staphylococcus_aureus_16S_1	29	1520	0	1471	30	50	1441	1351	0.937543	0.888231	1942
7d1c2699-45fe-47c6-b9fd-0e4ccfb89b40	Listeria_monocytogenes_16S_4	28	1517	0	1465	42	66	1423	1343	0.943781	0.877204	1878
3f190db6-4381-475c-8b36-c4c215c07433	Listeria_monocytogenes_16S_4	28	1517	0	1479	27	37	1452	1411	0.971763	0.930739	2362
0b855f59-4efd-4239-a4d3-4db8b8804c31	Lactobacillus_fermentum_16S_1	122	1532	78	1471	40	57	1353	1260	0.931264	0.868966	1710
d68ee324-78be-4201-815f-d1a5f20be10c	Pseudomonas_aeruginosa_16S_3	19	1399	0	1375	62	67	1313	1174	0.894136	0.814147	1238
aacc02f4-21c2-4a66-8e6f-4ec33011077e	Pseudomonas_aeruginosa_16S_2	19	1494	0	1467	40	48	1427	1313	0.920112	0.866667	1770
343193a2-9ca3-4e86-9068-64b16f0c0d6e	Staphylococcus_aureus_16S_4	103	1520	96	1447	42	108	1309	1154	0.881589	0.790953	1032
63dd2705-3b46-4d1f-b03f-9e4698684f1a	Listeria_monocytogenes_16S_1	28	1517	0	1515	44	18	1471	1443	0.980965	0.941292	2498
ceeaf5ac-f5af-4b8d-8deb-a013325db894	Staphylococcus_aureus_16S_4	103	1520	98	1474	31	72	1345	1239	0.92119	0.855663	1576
e6b22e8a-abed-44be-ad4a-55405b1c45e5	Listeria_monocytogenes_16S_2	39	1428	7	1361	32	67	1322	1250	0.945537	0.879662	1746
016a4ce0-c573-4aa8-a636-63b9c0628380	Lactobacillus_fermentum_16S_1	20	1526	0	1466	25	65	1441	1341	0.930604	0.875898	1886
b7309544-d0d9-4508-9053-c33a6f1be34b	Listeria_monocytogenes_16S_3	28	1517	0	1507	46	28	1461	1413	0.967146	0.920521	2290
f3fba1ce-d800-42e8-945c-6668c6b51057	Salmonella_enterica_16S_5	21	1500	0	1448	28	59	1420	1371	0.965493	0.909754	2136
cd7ce97e-33fb-4a5e-b3fa-85f11f0225d2	Escherichia_coli_16S_3	28	1508	0	1423	26	83	1397	1339	0.958482	0.88911	1972
83feed0f-6aa6-43fb-bf12-08a0383949cf	Lactobacillus_fermentum_16S_1	116	1528	74	1458	24	52	1360	1261	0.927206	0.878134	1798
2c0bcdce-8611-4c8f-a4e8-52baef913a64	Staphylococcus_aureus_16S_2	29	1520	0	1596	142	37	1454	1392	0.957359	0.852419	2018
71b6b3cd-fe7a-4687-94dd-682267347f72	Listeria_monocytogenes_16S_2	28	1517	0	1442	18	65	1424	1358	0.953652	0.901128	2086
9c76ee02-bbb9-4b79-986c-81c04bb0c346	Staphylococcus_aureus_16S_2	29	1520	0	1483	54	62	1429	1341	0.938418	0.867961	1846
851cee03-ef4d-4b81-9026-3a7d84b0b095	Pseudomonas_aeruginosa_16S_2	19	1406	0	1360	28	55	1332	1232	0.924925	0.870671	1694
a261d7df-ba22-40e5-9c76-0580b3d6bd4b	Pseudomonas_aeruginosa_16S_3	23	1494	11	1492	45	35	1436	1324	0.922006	0.873351	1844
f9ddb848-e7b8-4d82-9241-914fa25730bd	Staphylococcus_aureus_16S_5	32	1520	3	1492	31	30	1458	1382	0.947874	0.909809	2170
71dd7570-c7a0-49ae-814e-b5f1d3885bed	Bacillus_subtilis_16S_6	29	1518	0	1486	37	40	1449	1402	0.967564	0.918742	2250
493a3a17-42e0-4f2c-8c3d-2d7a5e5a958c	Listeria_monocytogenes_16S_2	28	1509	0	1472	41	50	1431	1331	0.930119	0.874507	1840
3093536e-6cea-4c07-920a-9d9f128ce563	Lactobacillus_fermentum_16S_1	21	1536	0	1516	36	35	1480	1431	0.966892	0.922631	2356
06e19bec-1cc0-41ae-9e26-c7f25b44831a	*	-1	-1	-1	-1	-1	-1	-1	-1	-1	-1	-1
0bea222e-9e08-4774-a7af-1e8520eea44b	Salmonella_enterica_16S_6	21	1501	0	1473	65	72	1408	1334	0.947443	0.86343	1782
fef35309-006f-4710-8a10-d34cc4698af8	Staphylococcus_aureus_16S_2	32	1520	3	1428	17	80	1408	1360	0.965909	0.903654	2086
8ca1e072-a5fa-4e13-b4a2-72e2ffb21a41	Lactobacillus_fermentum_16S_1	21	1536	0	1443	52	124	1391	1297	0.932423	0.827696	1471
93497f3e-662f-4f2a-9dde-fb1aa68734e2	Staphylococcus_aureus_16S_3	34	1520	0	1458	25	53	1433	1404	0.979763	0.929186	2360
5f4670b0-59ba-46ce-b97c-ce5286e66efb	Staphylococcus_aureus_16S_2	29	1424	0	1356	40	79	1316	1195	0.908055	0.832753	1396
7de6b800-f5d4-4c28-b2a7-88008a75d5ab	Pseudomonas_aeruginosa_16S_1	19	1494	0	1450	24	49	1426	1343	0.941795	0.895931	2000
5e7972e3-0d32-488a-a5a1-eda128b1e6d8	Lactobacillus_fermentum_16S_1	25	1536	0	1483	25	53	1458	1318	0.903978	0.858073	1744
c9f1e5e3-a645-45e5-9381-2e9db786a7c3	Salmonella_enterica_16S_2	21	1501	0	1437	25	68	1412	1363	0.965297	0.905648	2096
5ca75e8a-a915-47ae-821a-7183120b114c	Lactobacillus_fermentum_16S_1	25	1530	0	1452	24	77	1428	1358	0.95098	0.888162	1994
f6958234-83ee-4470-80d0-922a1882a45b	Staphylococcus_aureus_16S_5	29	1520	0	1513	61	39	1452	1408	0.969697	0.907216	2196
51d1f5af-f4ca-4c58-b1fc-f3586810c6a1	*	-1	-1	-1	-1	-1	-1	-1	-1	-1	-1	-1
dfac31c8-6201-4b89-b542-32eb2f7c8e3c	Listeria_monocytogenes_16S_1	32	1517	0	1441	30	74	1411	1368	0.969525	0.90297	2104
d47e2c1e-f430-4fde-bc40-8cb9a9db9c0c	*	-1	-1	-1	-1	-1	-1	-1	-1	-1	-1	-1
d4ffff7a-505a-4126-ba83-92ae438c89e6	Listeria_monocytogenes_16S_1	28	1517	0	1474	41	56	1433	1321	0.921842	0.863399	1732
7ee2e416-43e8-4368-8fb3-249583fa8ede	Enterococcus_faecalis_16S_3	110	1526	69	1495	51	41	1375	1304	0.948364	0.888889	1884
a85f9a96-8c8b-42d4-bbf5-1f7314e6dcaf	Bacillus_subtilis_16S_1	29	1518	0	1478	26	37	1452	1378	0.949036	0.909571	2178
d03e7690-9888-4667-81e4-39fca4bf1c9e	Bacillus_subtilis_16S_10	29	1518	0	1470	35	54	1435	1395	0.972125	0.915354	2212
41f0ab45-9547-49cb-ae83-d570bb38862d	Lactobacillus_fermentum_16S_1	21	1533	0	1467	28	73	1439	1278	0.888117	0.82987	1494
4c3cd8b5-08b4-4aca-812d-b9b0e205b6b9	Lactobacillus_fermentum_16S_1	21	1536	0	1474	38	79	1436	1305	0.908774	0.840309	1572
63e150be-d2dd-4b5d-ae2a-03966612e4b0	Listeria_monocytogenes_16S_3	31	1517	3	1477	40	52	1434	1355	0.944909	0.887942	1954
78521ff3-0200-479d-97f8-6e95744c331e	*	-1	-1	-1	-1	-1	-1	-1	-1	-1	-1	-1
cf0f76ff-ebe2-41f9-a347-6f1cb20ab684	*	-1	-1	-1	-1	-1	-1	-1	-1	-1	-1	-1
6d050e5d-5ec8-4953-b91c-7bb8e740434a	*	-1	-1	-1	-1	-1	-1	-1	-1	-1	-1	-1
a135ed67-0f99-4052-9d2e-f68ee8829089	Listeria_monocytogenes_16S_3	28	1517	0	1462	31	58	1431	1365	0.953878	0.898026	2060
8fa236bd-a854-4f91-a574-cf8636dd956e	Bacillus_subtilis_16S_1	29	1518	0	1474	38	53	1436	1346	0.937326	0.881467	1918
8ff22990-2b31-4fb5-8ce9-236e3c7ba22d	Bacillus_subtilis_16S_9	234	1518	207	1453	12	50	1234	1187	0.961912	0.915895	1898
af99216c-e903-4128-b3b5-dfdb7a50b1db	Lactobacillus_fermentum_16S_1	116	1536	67	1462	34	59	1361	1222	0.897869	0.84044	1443
6c388263-d30a-4192-8ba3-b07234404205	Bacillus_subtilis_16S_10	29	1518	0	1462	29	56	1433	1392	0.971389	0.916996	2210
8be254a9-5601-431b-a30c-ea17be98cf87	Listeria_monocytogenes_16S_1	32	1517	0	1486	47	46	1439	1391	0.966644	0.907963	2164
94a72854-6eef-4049-8801-dbf0e0f07544	Staphylococcus_aureus_16S_6	29	1511	0	1453	54	83	1399	1283	0.917084	0.835286	1516
c1e1158c-2e07-4339-bbe5-0882b8a8251f	Salmonella_enterica_16S_3	21	1501	0	1479	39	40	1440	1395	0.96875	0.918367	2224
b74ad280-c4f4-4d0c-8e8e-a49576675198	Listeria_monocytogenes_16S_3	28	1506	0	1590	163	51	1427	1348	0.944639	0.82145	1612
175b4e44-c845-4abd-99ba-f7b93718c56e	Bacillus_subtilis_16S_7	29	1518	0	1490	64	63	1426	1316	0.922861	0.847392	1658
0dba890f-b3aa-4909-bba1-66ff79edbb53	Lactobacillus_fermentum_16S_1	21	1439	0	1316	18	120	1298	1224	0.942989	0.852368	1628
11a65ec5-07e7-4246-bb54-8ae1547beef1	Listeria_monocytogenes_16S_3	28	1517	0	1459	40	70	1419	1308	0.921776	0.855461	1668
efec260d-43c4-4739-9253-4d4c7bf41dd0	*	-1	-1	-1	-1	-1	-1	-1	-1	-1	-1	-1
39c954c9-7d39-4951-9e8f-7bf5aa079f9e	Salmonella_enterica_16S_1	21	1501	0	1543	81	18	1462	1421	0.971956	0.910314	2285
a91b99f4-5289-439e-bf27-1e5d6f8b3e2d	Bacillus_subtilis_16S_3	29	1518	0	1490	37	36	1453	1408	0.96903	0.922674	2270
b670c5c1-d19b-4762-bb38-110954623ecb	Staphylococcus_aureus_16S_6	29	1517	0	1481	71	78	1410	1333	0.94539	0.855035	1708
c56538d9-dba7-4a16-93f0-2b2416982350	Lactobacillus_fermentum_16S_1	23	1536	3	1509	36	43	1470	1424	0.968708	0.919303	2326
0eb85990-7566-4743-837e-6b7e6ae5aca3	Staphylococcus_aureus_16S_2	29	1520	0	1429	8	70	1421	1343	0.945109	0.895931	2034
cf7a6722-e185-4efe-a7c4-8e48cf485735	Bacillus_subtilis_16S_1	30	1518	0	1438	27	77	1411	1364	0.96669	0.90033	2052
a549bc13-c4f4-4434-84b8-b744fba2487d	Listeria_monocytogenes_16S_2	30	1516	2	1457	29	60	1426	1358	0.952314	0.89637	2018
9a3ea353-fcfe-44da-ad76-e94af19e681c	Listeria_monocytogenes_16S_3	28	1517	0	1462	29	56	1433	1334	0.930914	0.878788	1886
6bef6e64-c771-4cb1-9394-ba4165060e67	*	-1	-1	-1	-1	-1	-1	-1	-1	-1	-1	-1
0ec80136-8263-4724-ac48-b79f830d1c0b	Listeria_monocytogenes_16S_5	29	1515	0	1375	39	150	1336	1259	0.942365	0.825574	1404
87f7d95a-f873-4968-9e03-22229ab40da6	Salmonella_enterica_16S_3	22	1414	4	1359	52	89	1303	1187	0.910975	0.822022	1308
9caceb2c-7d8f-46bc-ae92-422ae2263dc0	Lactobacillus_fermentum_16S_1	21	1536	0	1528	58	45	1470	1413	0.961224	0.898284	2164
f51d933d-1957-43a2-a0bd-ab8257575b24	Bacillus_subtilis_16S_7	29	1516	0	1484	37	40	1447	1390	0.960608	0.912073	2194
f6227f45-0673-4e4a-822d-9e749580be20	Bacillus_subtilis_16S_7	47	1518	14	1469	22	38	1433	1360	0.949058	0.910918	2148
658d9902-7a5e-4ce9-b528-c214af27819c	Bacillus_subtilis_16S_10	29	1518	0	1525	94	58	1431	1305	0.91195	0.824384	1438
9c0c760d-e12e-4a63-98d2-251d5a3a0f47	Bacillus_subtilis_16S_8_rc	9	584	88	656	16	23	552	517	0.936594	0.874789	716
dbe47648-7db0-4096-87d5-beb645e66d15	*	-1	-1	-1	-1	-1	-1	-1	-1	-1	-1	-1
96ff4746-b929-433c-b398-6b5bd0938004	Pseudomonas_aeruginosa_16S_3	19	1494	0	1491	54	38	1437	1371	0.954071	0.896665	2066
0677b004-4628-42c6-8ddc-ec66a6ce6138	Bacillus_subtilis_16S_5	271	1518	234	1480	39	40	1207	1076	0.891466	0.836703	1234
533eaa4e-0f3c-429f-b312-a90f306f288c	Salmonella_enterica_16S_5	21	1501	0	1485	38	33	1447	1355	0.93642	0.892622	2032
c13655bb-8902-4718-b48e-bbabaf51abc4	Bacillus_subtilis_16S_10	29	1516	0	1489	36	34	1453	1354	0.931865	0.889035	1952
7c7d0fe9-1127-4909-aee7-62a131b68b76	Listeria_monocytogenes_16S_2	28	1517	0	1489	42	42	1447	1409	0.973739	0.920314	2258
79e82ec2-57c7-4e8d-a82c-7e1cb858d32b	Staphylococcus_aureus_16S_5	29	1511	0	1471	51	62	1420	1360	0.957747	0.887149	1994
76c62c5c-cdc4-4126-bc71-b42051eaf982	Enterococcus_faecalis_16S_4	26	1526	0	1501	88	87	1413	1313	0.929229	0.826826	1440
5d51ef69-dc01-4498-8241-4328c864ccd8	*	-1	-1	-1	-1	-1	-1	-1	-1	-1	-1	-1
27d2716c-8257-4132-8355-649f40b37422	Pseudomonas_aeruginosa_16S_2	19	1494	0	1472	29	32	1443	1419	0.983368	0.943484	2440
a2db6065-c553-4c6a-993a-3f32f87a025f	Listeria_monocytogenes_16S_3	31	1517	3	1446	40	83	1403	1299	0.925873	0.851245	1664
e32e4a5e-2b1a-48f5-8b8d-e920f2c247a8	Enterococcus_faecalis_16S_4_rc	6	1526	75	1546	39	88	1432	1318	0.920391	0.845414	1578
5d4b4eaa-bd88-40ac-aaca-be05520c6424	Pseudomonas_aeruginosa_16S_1	19	1494	0	1498	106	83	1392	1246	0.895115	0.788109	1106
971f836d-38f2-4c30-953b-39c236d97b88	Escherichia_coli_16S_8	28	1508	0	1443	30	67	1413	1358	0.961076	0.899338	2058
3e9444b5-aea9-4081-b57b-9362fec68e41	Escherichia_coli_16S_7	261	1500	239	1459	23	42	1197	1150	0.960735	0.911252	1794
9d419dba-6709-4da9-bbb3-a9e7ae823c17	Salmonella_enterica_16S_1	21	1445	0	1353	54	125	1299	1172	0.902232	0.792963	1046
cd740ce8-3ae2-4167-ae58-6f5501e79a16	Listeria_monocytogenes_16S_2	28	1517	0	1473	35	51	1438	1351	0.939499	0.886483	1942
dcb59d29-a06a-452f-a840-53a347e04c35	*	-1	-1	-1	-1	-1	-1	-1	-1	-1	-1	-1
1450d3b8-793f-401b-bf46-cea52c49c0bd	Listeria_monocytogenes_16S_5	28	1517	0	1489	47	47	1442	1311	0.909154	0.853516	1674
d5158559-5ce3-4cfd-b467-70d604b1ffeb	Bacillus_subtilis_16S_10	30	1518	0	1418	43	113	1375	1263	0.918545	0.824951	1398
cae8b709-51e9-4958-bb83-3a143033c0c7	Listeria_monocytogenes_16S_3	32	1517	0	1427	34	92	1393	1346	0.96626	0.886109	1940
8c35fa80-3990-4d60-ba7f-690d3364b759	Bacillus_subtilis_16S_7	261	1510	217	1481	63	48	1201	1123	0.935054	0.855945	1440
b16e8b46-a251-40ac-bb2a-0c00a16a80ad	Listeria_monocytogenes_16S_3	28	1517	0	1469	40	60	1429	1358	0.950315	0.888162	1980
955c9c23-e015-4423-a8a5-d0268687542c	Salmonella_enterica_16S_5	21	1501	0	1488	63	55	1425	1301	0.912982	0.843163	1578
96d1e72d-80af-4497-a106-b26eb6bcdbba	Staphylococcus_aureus_16S_4	29	1520	0	1466	38	63	1428	1314	0.920168	0.859385	1718
41472891-756b-4e74-89c4-529dec756831	Bacillus_subtilis_16S_7	35	1518	7	1500	46	36	1447	1408	0.973048	0.920863	2288
07ce6846-c094-46a6-9470-42ae8bcc321c	Bacillus_subtilis_16S_7	32	1429	3	1405	44	39	1358	1231	0.90648	0.854268	1568
4d04afb1-5b23-4494-af63-cc7d95a96549	Staphylococcus_aureus_16S_5	29	1520	0	1439	29	81	1410	1328	0.941844	0.873684	1848
b9d5f74c-9c71-4983-a637-edb3da866a51	Staphylococcus_aureus_16S_3	29	1508	0	1460	29	48	1431	1352	0.944794	0.896552	2042
5997828a-57da-4f65-b48a-33bf836d9146	Lactobacillus_fermentum_16S_1	21	1536	0	1479	33	69	1446	1313	0.908022	0.848191	1658
bdde4797-60d6-4966-bdc6-27f13bc52221	Bacillus_subtilis_16S_2	512	1518	515	1531	46	36	970	902	0.929897	0.857414	1176
88325dc3-de5d-4204-adac-5ec2bc8b21d9	Pseudomonas_aeruginosa_16S_2	19	1492	0	1474	56	55	1418	1360	0.959097	0.88947	2010
41b714a2-65c9-40ff-92c7-532f26dea6bc	Bacillus_subtilis_16S_7	28	1496	0	1458	31	41	1427	1363	0.955151	0.909273	2142
6d616a07-59b4-448e-b9cd-fb63ae8c5853	Staphylococcus_aureus_16S_5	100	1497	81	1444	35	69	1328	1253	0.943524	0.875	1730
6f09c872-dd76-48a6-8a59-18bb6dcac4ec	Staphylococcus_aureus_16S_6	30	1520	0	1482	57	65	1425	1280	0.898246	0.827408	1400
f7bcadc8-379e-4868-aa56-ae3ea2beed57	Salmonella_enterica_16S_1	21	1501	0	1453	30	57	1423	1396	0.981026	0.924503	2282
99a3b4e0-98d1-484f-b162-b0432667142d	Staphylococcus_aureus_16S_3	32	1520	3	1442	27	76	1412	1327	0.939802	0.875908	1840
d4ccf5e6-8ee0-445d-ad52-bffb52611549	Lactobacillus_fermentum_16S_1	21	1447	0	1367	36	95	1331	1199	0.900826	0.820109	1321
a9bee9d5-4086-4994-ba30-b730765e5da5	Listeria_monocytogenes_16S_3	29	1517	0	1487	43	44	1444	1370	0.948753	0.89484	2086
64725d7a-5ff5-4f93-9dee-92e75fcf7fe7	Lactobacillus_fermentum_16S_1	21	1536	0	1501	35	49	1466	1379	0.940655	0.889677	2046
fb51a362-9a42-4615-81b6-e055befa1675	Listeria_monocytogenes_16S_3	28	1517	0	1455	22	56	1433	1344	0.937893	0.889477	1976
188b52cd-f976-4924-99de-0f7496ca4b25	*	-1	-1	-1	-1	-1	-1	-1	-1	-1	-1	-1
7e3365d9-ad6c-4c72-abdf-2de3aea164e1	Staphylococcus_aureus_16S_5_rc	9	1431	73	1449	22	68	1354	1229	0.907681	0.851108	1538
d90d4643-ff42-4fd0-a592-8865c39b3796	Enterococcus_faecalis_16S_3	30	1515	0	1454	34	65	1420	1333	0.938732	0.877551	1856
fbe8f1a9-2ad4-42d7-bfb3-42b4b7ba974f	Listeria_monocytogenes_16S_4	28	1517	0	1497	40	32	1457	1397	0.95882	0.913669	2234
e1fc4a9e-6d32-4ff6-9811-fd95503d0b5b	Salmonella_enterica_16S_3	21	1501	0	1485	44	39	1441	1406	0.975711	0.922572	2262
d66bbf0d-2b96-4bf1-a5a8-20d836aa49b7	Salmonella_enterica_16S_3	21	1490	0	1400	39	108	1361	1252	0.919912	0.830239	1374
1f4484cc-28ec-4722-8297-a30a4a2679ee	Lactobacillus_fermentum_16S_1	21	1536	0	1501	44	58	1457	1333	0.914894	0.855035	1710
38ad5082-9a93-4316-980b-92c5f21c540c	Listeria_monocytogenes_16S_3	99	1517	93	1508	34	37	1381	1297	0.939175	0.893251	1932
29eb739a-2fed-4798-a764-92e4dd71f801	Lactobacillus_fermentum_16S_1	21	1536	0	1496	20	39	1476	1396	0.945799	0.909446	2207
22e9aebc-7d45-4857-8382-4d1ea826a6ef	Listeria_monocytogenes_16S_3	28	1517	0	1465	22	46	1443	1389	0.962578	0.919259	2230
29414ae3-60e9-4af9-bae4-1f10c9154eaa	Bacillus_subtilis_16S_7	29	1518	0	1460	29	58	1431	1356	0.947589	0.893281	2026
5388dd7e-44ca-46ed-a48a-371d9cba009e	Lactobacillus_fermentum_16S_1	21	1536	0	1521	44	38	1477	1409	0.953961	0.903784	2170
44d42f1d-d5ce-43d4-86a7-7f8d38996ec2	Listeria_monocytogenes_16S_4	28	1517	0	1476	21	34	1455	1368	0.940206	0.90596	2114
ad537e90-3fa7-4029-8ade-dca1ab98fbf1	Bacillus_subtilis_16S_3	29	1518	0	1478	36	47	1442	1342	0.930652	0.88	1906
4d078104-8825-4441-b537-53f75bb0183b	Escherichia_coli_16S_2	32	1508	0	1445	23	54	1422	1388	0.97609	0.925951	2294
aa2751ff-eab9-432e-86ea-67f5501b7ac4	Listeria_monocytogenes_16S_4	28	1517	0	1471	28	46	1443	1397	0.968122	0.920897	2258
278c2f9d-f37a-4354-b6b5-826d2a57b00d	Salmonella_enterica_16S_5	236	1501	230	1486	39	48	1217	1098	0.902219	0.842025	1318
250ddca0-fb97-41b8-8c00-45315fa38e8e	*	0	-1	-1	-1	-1	-1	-1	-1	-1	-1	-1
60c6eaa1-6863-4246-b085-a46487204247	Listeria_monocytogenes_16S_4	28	1517	0	1499	40	30	1459	1405	0.962988	0.918901	2266
225aa1de-c90f-43bf-acaf-fceaf01ff4f1	Pseudomonas_aeruginosa_16S_3	19	1406	0	1359	33	61	1326	1200	0.904977	0.84507	1476
3dfc0eff-63c8-4a20-b160-b439c28ee888	*	0	-1	-1	-1	-1	-1	-1	-1	-1	-1	-1
2dc94d69-8cf1-428a-84c0-61de856e717d	Lactobacillus_fermentum_16S_1	226	1536	177	1450	19	56	1254	1204	0.960128	0.905944	1867
668773be-de62-4c0b-86d7-2e8d362c4804	*	-1	-1	-1	-1	-1	-1	-1	-1	-1	-1	-1
34ce66f4-0d5a-4825-991a-881a0ac37951	Lactobacillus_fermentum_16S_1	21	1536	0	1503	56	68	1447	1382	0.955079	0.879694	1976
08c4f265-e8cc-4c78-82a4-00e0c50b4c77	Salmonella_enterica_16S_5	21	1502	0	1430	19	70	1411	1377	0.975904	0.918	2244
8a7c0f61-da34-47d4-82d4-1d0bd1e9acfe	Lactobacillus_fermentum_16S_1	24	1536	3	1537	108	86	1426	1327	0.930575	0.819136	1544
5ee436da-cd6a-4c77-a10e-fc4e7b0368a7	Listeria_monocytogenes_16S_4	245	1517	139	1366	13	58	1214	1180	0.971993	0.918288	1886
f545cfb8-1f84-4492-971e-9dfae27bac25	Lactobacillus_fermentum_16S_1	21	1536	0	1511	42	46	1469	1387	0.94418	0.890816	2046
29814132-63a6-44d5-b76d-27a836aaa7f1	Enterococcus_faecalis_16S_4	26	1526	0	1484	25	41	1459	1432	0.981494	0.939016	2432
96ecc7ac-55b3-42c6-9da1-5599e27387fd	Staphylococcus_aureus_16S_6	29	1520	0	1513	49	27	1464	1397	0.954235	0.907143	2194
45839660-d658-4f3a-9428-3a482233c073	*	-1	-1	-1	-1	-1	-1	-1	-1	-1	-1	-1
ba73c507-fda3-47d0-994e-b0656ddcfdcd	Lactobacillus_fermentum_16S_1	21	1536	0	1516	40	39	1476	1367	0.926152	0.8791	1956
d6b36fa8-517e-4931-b218-bbed2a780f60	*	-1	-1	-1	-1	-1	-1	-1	-1	-1	-1	-1
041c414c-6cc1-425b-9f31-84e0122ebb23	Listeria_monocytogenes_16S_2	28	1420	0	1328	42	106	1286	1183	0.919907	0.824965	1306
7c02da2a-5c4d-4542-8bab-e8d16c33f871	Lactobacillus_fermentum_16S_1	21	1478	0	1366	42	133	1324	1207	0.911631	0.805203	1224
187bde7d-fb3d-423e-a14f-770328d8c8aa	Bacillus_subtilis_16S_9	78	1518	46	1430	47	103	1337	1223	0.914734	0.822461	1358
8780168f-e764-472e-9117-78dabf03b3b2	Bacillus_subtilis_16S_9	32	1518	3	1452	48	85	1401	1280	0.913633	0.83442	1490
44c01aae-4e98-487c-a245-4bbd121c83cb	Listeria_monocytogenes_16S_2	31	1517	2	1438	37	87	1399	1293	0.924232	0.848982	1618
45b63a85-daa0-48a5-a652-8e13124bcff5	Listeria_monocytogenes_16S_2	28	1511	0	1468	44	59	1424	1316	0.924157	0.861821	1738
141334c1-d1ce-43f3-af31-3118d8539b2c	Listeria_monocytogenes_16S_1	28	1453	0	1347	37	115	1310	1185	0.90458	0.810534	1214
2298d992-b027-4c46-8136-538f63477a2f	Staphylococcus_aureus_16S_5	29	1520	0	1494	39	36	1455	1400	0.962199	0.915033	2238
c61fbd7a-4642-40c2-91d0-23d11adcdf4e	Bacillus_subtilis_16S_9	118	1379	201	1469	105	98	1163	1018	0.875322	0.745242	538
96b4c78b-4b76-465a-8932-2a18ec37aa6e	Bacillus_subtilis_16S_7	29	1518	0	1494	53	48	1441	1420	0.985427	0.920882	2302
e0215cf6-edfc-46ad-8e2d-22014c090de3	Bacillus_subtilis_16S_6	39	1518	3	1461	33	54	1425	1388	0.974035	0.917989	2250
d1b48237-0359-4c11-ae4a-5c9c25d5d322	Bacillus_subtilis_16S_6	29	1518	0	1484	29	34	1455	1399	0.961512	0.921607	2292
b2257470-21cc-440e-bf23-f1b7a77d996c	Listeria_monocytogenes_16S_6	28	1517	0	1488	31	32	1457	1365	0.936857	0.898026	2048
c44370dc-6dd8-4ad2-82f4-f220a6c12b30	Staphylococcus_aureus_16S_2	29	1431	0	1391	37	48	1354	1259	0.929838	0.874913	1768
7bb45379-19a3-4151-93eb-022d092467f0	Lactobacillus_fermentum_16S_1	21	1536	0	1495	41	61	1454	1393	0.958047	0.895244	2090
7b6e20ef-bd1a-4cfd-bb38-ff58bf937c3f	Salmonella_enterica_16S_4	24	1490	3	1449	36	56	1410	1284	0.910638	0.85486	1656
dd73a4fb-f104-41c4-8f64-d716c0c4deb3	Staphylococcus_aureus_16S_1	29	1520	0	1457	23	57	1434	1408	0.981869	0.929987	2372
8086c099-65de-4e10-b86f-af44f77d976e	Staphylococcus_aureus_16S_6	32	1520	3	1481	39	49	1439	1361	0.945796	0.89129	2026
ffc4203c-94b8-491f-801f-34ba967eaf4c	Staphylococcus_aureus_16S_6	29	1520	0	1465	31	57	1434	1369	0.954672	0.899474	2098
eeadd131-67c5-4c11-b28a-f731126a34fd	Enterococcus_faecalis_16S_4	29	1526	3	1476	52	76	1421	1311	0.92259	0.846352	1622
30412142-1fb7-4e34-b2df-45ac2912c181	Lactobacillus_fermentum_16S_2	21	1534	0	1479	34	68	1445	1371	0.948789	0.886231	1965
28b1f4c3-8b64-42a6-8e30-94df85d8e787	Pseudomonas_aeruginosa_16S_3	23	1494	0	1450	20	41	1430	1339	0.936364	0.898055	2008
f489ab0e-cb89-416a-8cdc-2b8620f28f80	Salmonella_enterica_16S_4	21	1501	0	1462	36	54	1426	1348	0.945302	0.889182	1984
2b19b14c-c57f-49e2-a214-1a42ea39b839	Bacillus_subtilis_16S_1	29	1518	0	1434	22	77	1412	1326	0.939093	0.877565	1846
a128d7ec-b0c5-4d14-9451-efae18f7ea2d	Listeria_monocytogenes_16S_3_rc	265	1499	326	1489	55	126	1108	1010	0.911552	0.783553	850
1eb98693-3306-4c16-8f2d-86cdb350a165	Lactobacillus_fermentum_16S_1_rc	15	1533	83	1535	37	103	1415	1339	0.94629	0.861093	1759
75b2c883-75d0-423b-9502-b0b14961a341	Listeria_monocytogenes_16S_2	28	1517	0	1496	51	44	1445	1401	0.96955	0.90974	2192
5566b576-a6dc-41e3-9c02-088a6698df05	Enterococcus_faecalis_16S_1	26	1517	0	1526	113	78	1413	1248	0.883227	0.778055	962
0a891acb-7cba-4f62-99a1-488bfb16ebf9	*	-1	-1	-1	-1	-1	-1	-1	-1	-1	-1	-1
1e2f0b58-cf9f-4f22-aff3-dd2a08eb8f0b	Salmonella_enterica_16S_5	21	1501	0	1432	46	94	1386	1272	0.917749	0.833552	1456
28f6fdba-bb50-4ee2-b14a-1557e978b9be	Staphylococcus_aureus_16S_3	32	1520	3	1432	36	95	1393	1276	0.916009	0.83727	1534
0b3f05e1-ff7a-4ba6-acca-f3f00e647db8	Lactobacillus_fermentum_16S_1	21	1536	0	1508	27	34	1481	1437	0.97029	0.931907	2404
46effbb8-5364-4878-a158-ad23ae8a28c2	Listeria_monocytogenes_16S_3	31	1515	3	1469	34	52	1432	1327	0.926676	0.874177	1810
621b3d8a-563f-490a-942d-f47c098753d1	Listeria_monocytogenes_16S_2	28	1513	0	1471	28	42	1443	1421	0.984754	0.939194	2438
db24f274-6f64-442b-b527-dc5b308daa85	Bacillus_subtilis_16S_10	32	1518	3	1482	44	51	1435	1341	0.934495	0.876471	1860
4146f720-a5af-49e8-aef4-a75b1f81f5a6	Listeria_monocytogenes_16S_2	28	1517	0	1467	54	76	1413	1355	0.958953	0.878159	1906
9a5ab8bd-1622-4839-ad78-0250fa0a7ded	Staphylococcus_aureus_16S_4	251	1520	210	1456	40	63	1206	1138	0.943615	0.869366	1554
7bb13cd5-f6fb-4551-848c-06721de08b05	Salmonella_enterica_16S_3	21	1501	0	1480	35	35	1445	1419	0.982007	0.936634	2402
73182b1d-7bfe-4162-ba1f-11102b4df7ae	Lactobacillus_fermentum_16S_1	115	1536	71	1525	57	24	1397	1360	0.973515	0.920162	2206
1be2e6ce-6749-45c0-8c21-8051fb929efb	Staphylococcus_aureus_16S_6	29	1520	0	1487	33	37	1454	1419	0.975928	0.931102	2366
b1e3323c-9dd4-460a-8bd7-6e1a4c6fed0f	Listeria_monocytogenes_16S_3	28	1517	0	1467	25	47	1442	1361	0.943828	0.898943	2054
9c404896-e216-4031-a553-0b04567b9458	Bacillus_subtilis_16S_1	29	1516	0	1476	36	47	1440	1386	0.9625	0.910046	2174
08170f49-468f-4da1-95aa-cdf4ef0a8986	Staphylococcus_aureus_16S_5	29	1520	0	1438	27	80	1411	1303	0.923459	0.858366	1672
1f52ea68-e78a-4d4d-b4a0-c9d8992cdd52	Listeria_monocytogenes_16S_4	28	1517	0	1481	27	35	1454	1414	0.97249	0.932718	2364
ae9fb551-9c0f-4799-a0d8-6086ec9adeb8	Listeria_monocytogenes_16S_2	28	1517	1	1467	54	77	1412	1292	0.915014	0.83733	1498
cdaf380f-067c-479c-884b-14a13661387a	*	-1	-1	-1	-1	-1	-1	-1	-1	-1	-1	-1
c470e917-d679-4a85-b45f-0006b322acc3	Staphylococcus_aureus_16S_5	32	1520	3	1434	55	112	1376	1275	0.926599	0.826312	1392
44e7affa-1275-4ac5-8cbb-cfc70695c8d1	Listeria_monocytogenes_16S_2	27	1501	0	1498	60	36	1438	1389	0.965925	0.905476	2142
3c537d82-9f01-4349-894f-4148a3f9c959	Pseudomonas_aeruginosa_16S_3	19	1494	0	1459	37	53	1422	1308	0.919831	0.865079	1740
0e5d34c9-47df-4d26-8ec6-6d39d13fe50b	Bacillus_subtilis_16S_6	250	1518	220	1510	52	30	1238	1205	0.973344	0.912879	1906
558797ed-cc17-4fb2-a7c2-c9474886ba6d	Lactobacillus_fermentum_16S_1	21	1536	0	1500	19	34	1481	1443	0.974342	0.940678	2488
ce6a351e-c014-49e4-8efa-728e3f113eff	Salmonella_enterica_16S_6	51	1501	31	1478	55	58	1392	1319	0.947557	0.876412	1836
2477f2d0-0d99-4d83-bfa2-b85c099c3a89	Bacillus_subtilis_16S_5	32	1518	3	1478	38	49	1437	1372	0.954767	0.900262	2062
e1966ee6-626d-444e-b354-e24ae04ada92	Lactobacillus_fermentum_16S_1	21	1536	0	1497	17	35	1480	1382	0.933784	0.902089	2145
1ee191b4-15b3-4e48-8f2a-db721a74db8b	Salmonella_enterica_16S_1	244	1501	233	1499	48	39	1218	1190	0.977012	0.911877	1862
b0629fe9-d94b-4b36-9cbf-c806f55b6c54	Lactobacillus_fermentum_16S_1	24	1536	3	1490	37	62	1450	1323	0.912414	0.854099	1720
6e463770-1a51-4f10-ae1c-5db7ac55eb63	Staphylococcus_aureus_16S_3	103	1498	96	1459	31	63	1332	1242	0.932432	0.870968	1724
fef1381c-aaf6-45b6-b250-8a3792980ffb	Bacillus_subtilis_16S_4	29	1518	0	1483	56	62	1427	1307	0.915908	0.845955	1614
c0c03844-2b9f-4027-b789-9a51e4cd1021	Staphylococcus_aureus_16S_5	32	1502	3	1406	39	106	1364	1253	0.918622	0.830351	1424
a87edf6a-c56c-4c28-aa6e-373a7743c806	Staphylococcus_aureus_16S_5	29	1520	0	1492	28	27	1464	1385	0.946038	0.911784	2188
98dafa66-2efa-4c59-a387-61ebbdc2c60f	Staphylococcus_aureus_16S_6	29	1520	0	1451	43	83	1408	1317	0.935369	0.85854	1662
998b97e4-ed68-468b-91e2-2032fb548d31	Staphylococcus_aureus_16S_5	29	1518	0	1467	29	51	1438	1369	0.952017	0.901845	2070
6986dfbc-1c0b-46c9-9eaa-d7ebd37ac34f	*	-1	-1	-1	-1	-1	-1	-1	-1	-1	-1	-1
54177d9a-da81-4a10-b1ca-75a1caa6e179	Lactobacillus_fermentum_16S_1	21	1536	0	1525	55	45	1470	1429	0.972109	0.910191	2254
831db051-6b41-4cca-9e7d-88a228c98f1c	Staphylococcus_aureus_16S_5	28	1520	0	1485	36	43	1449	1368	0.944099	0.895288	2062
012d21f1-2daf-42d5-b6c4-2b38b66ae2c0	Escherichia_coli_16S_5	32	1421	0	1354	36	71	1318	1220	0.925645	0.85614	1550
ece66eec-273e-4f02-b6b5-a71d4242b975	Listeria_monocytogenes_16S_3	28	1517	0	1451	23	61	1428	1340	0.938375	0.886243	1948
3706398e-8e4a-4cb5-a03b-a73b3918a3d9	Bacillus_subtilis_16S_9	487	1508	172	1172	49	70	951	898	0.944269	0.839252	1038
